-7.75185,0
-3.75469,0
-9.52696,0
-9.84576,0
1.4291,0
4.65727,0
-7.51885,0
0.684685,0
-6.63076,0
6.24988,0
7.8846,0
-6.76194,0
-5.34925,0
9.33321,0
4.93321,0
-5.23868,0
-2.83555,0
5.83082,0
8.55403,0
5.53398,0
-5.51007,0
-8.59149,0
-5.29399,0
6.84608,0
8.88993,0
-2.10109,0
-8.08953,0
-3.18963,0
4.81198,0
7.06595,0
-8.40236,0
-1.53462,0
3.35371,0
9.81885,0
5.53379,0
3.3755,0
-6.05473,0
5.46409,0
-7.66668,0
-7.53407,0
-7.75039,0
8.04853,0
-5.26512,0
9.61439,0
9.97643,0
4.25698,0
6.36062,0
4.89227,0
1.69222,0
5.63813,0
7.82117,0
-4.54744,0
0.280847,0
-6.09407,0
-2.38186,0
-0.330663,0
2.52666,0
2.72311,0
-1.86301,0
4.05918,0
-5.79911,0
-8.5312,0
5.25108,0
9.8711,0
-4.15086,0
2.73846,0
-6.15132,0
9.64933,0
2.35859,0
-0.0330148,0
8.84633,0
7.87832,0
2.69894,0
4.75237,0
-7.61863,0
-6.02095,0
-5.43675,0
-9.03239,0
7.35349,0
-1.1784,0
-7.63803,0
-1.16628,0
0.762988,0
1.89823,0
2.04777,0
8.26078,0
1.42227,0
1.39063,0
-2.74757,0
-6.32397,0
-5.42013,0
-6.01394,0
-5.23293,0
-9.58903,0
1.80548,0
0.798384,0
5.16411,0
-7.79321,0
5.16669,0
-1.05992,0
-2.44749,0
-7.74296,0
6.10241,0
9.22441,0
-6.49579,0
7.39261,0
-3.61084,0
-9.77571,0
-9.08428,0
7.07783,0
-3.09025,0
3.46845,0
-0.672021,0
8.7722,0
9.13261,0
-1.14003,0
-9.09133,0
-9.86033,0
6.57112,0
5.73856,0
0.571674,0
-9.94655,0
-1.68975,0
5.57482,0
-7.79121,0
3.75596,0
-0.135099,0
-8.10634,0
6.58227,0
-3.5709,0
1.28767,0
6.95274,0
-5.38406,0
9.59383,0
5.49944,0
-4.71655,0
-6.00153,0
4.97486,0
6.63567,0
4.24801,0
1.40772,0
9.13019,0
8.65887,0
-2.51584,0
8.5752,0
9.08265,0
-6.43275,0
-6.23666,0
5.58205,0
-3.24358,0
5.7266,0
4.35347,0
2.00754,0
3.99998,0
-4.24756,0
-6.35522,0
-0.945465,0
2.84923,0
2.92657,0
-6.99094,0
-7.35199,0
-4.7448,0
-1.94643,0
-0.740819,0
-4.79259,0
9.48015,0
8.03442,0
-2.55127,0
-7.53882,0
0.63692,0
9.69441,0
6.42888,0
-7.73887,0
-2.88017,0
-1.32799,0
-2.06195,0
8.23648,0
0.383598,0
-4.34718,0
-3.53584,0
-4.62123,0
-8.49216,0
-3.74314,0
-4.37623,0
5.65794,0
9.95821,0
9.55554,0
-3.17134,0
-1.51519,0
5.15568,0
2.90617,0
6.59949,0
1.02534,0
4.13263,0
8.32762,0
-1.97441,0
-7.65361,0
4.78251,0
-4.89237,0
-3.94428,0
-4.14967,0
-2.01127,0
-9.81694,0
-4.90442,0
-7.35967,0
-7.76465,0
0.0225368,0
1.31476,0
5.41477,0
7.54217,0
9.90607,0
2.19584,0
-9.04153,0
-4.06718,0
-2.10954,0
2.11897,0
0.713524,0
-8.0836,0
-3.07737,0
-3.74971,0
5.68219,0
7.85891,0
-5.12893,0
5.34755,0
-3.92969,0
-1.58759,0
6.83764,0
2.23822,0
4.36597,0
-8.84331,0
-0.712595,0
7.90446,0
-3.94779,0
-0.201456,0
-1.48562,0
2.70712,0
-3.85019,0
5.57566,0
-0.158264,0
-3.90255,0
-2.57804,0
3.05872,0
0.0812985,0
1.90396,0
8.10543,0
9.00643,0
-7.63766,0
4.6905,0
-5.71788,0
-2.11572,0
-9.31279,0
-3.53212,0
2.67995,0
-8.64035,0
-1.41021,0
-2.97913,0
6.7463,0
8.01207,0
8.12986,0
-8.81132,0
-5.99038,0
8.72334,0
1.98336,0
-3.74848,0
8.73604,0
7.80417,0
-4.06557,0
-0.53463,0
6.17175,0
-6.86105,0
3.13817,0
-6.10405,0
-1.63346,0
-7.60812,0
-9.04627,0
5.28478,0
-0.0141976,0
-6.21759,0
-0.188797,0
-6.41172,0
9.09655,0
-4.59292,0
-2.092,0
-3.55608,0
-3.25292,0
0.268496,0
5.4772,0
2.54454,0
-9.02863,0
-3.31969,0
9.45931,0
6.03358,0
-0.702077,0
3.34475,0
-2.66167,0
3.60004,0
4.94367,0
7.33268,0
-0.332385,0
-5.88725,0
3.83526,0
-7.67066,0
8.70286,0
2.89684,0
9.09864,0
-1.42689,0
0.257306,0
4.52925,0
4.84413,0
-5.92868,0
-9.19371,0
2.04509,0
6.23178,0
1.89585,0
-0.27441,0
3.68075,0
-2.86245,0
6.82826,0
1.40373,0
-0.0938479,0
0.882471,0
-6.80313,0
9.93868,0
9.86149,0
3.04348,0
-1.09189,0
9.74293,0
5.92647,0
-5.06386,0
-7.6809,0
-9.64679,0
-0.561576,0
4.33131,0
2.98353,0
7.67149,0
-1.73842,0
1.45698,0
-0.70435,0
-8.36714,0
-3.30827,0
-0.316342,0
-3.0068,0
-1.68059,0
7.27806,0
-4.4186,0
0.114583,0
-8.36049,0
0.623833,0
2.20504,0
-7.77893,0
2.26464,0
9.00708,0
-7.85143,0
1.4414,0
-4.52186,0
1.83714,0
2.47765,0
-2.87934,0
-3.9574,0
-8.63407,0
-2.47749,0
-6.3029,0
9.56736,0
7.70692,0
7.70672,0
-7.60082,0
-0.993449,0
-8.82403,0
-3.17571,0
-8.13979,0
2.65824,0
3.17907,0
-3.23607,0
-2.28575,0
8.5582,0
4.23858,0
-5.15262,0
6.37063,0
-6.35674,0
5.85834,0
-9.43878,0
-7.59003,0
1.41569,0
1.40729,0
1.12695,0
0.984426,0
2.83324,0
-3.31214,0
8.15633,0
-7.11582,0
-3.27036,0
-8.31832,0
7.69034,0
-6.06044,0
8.36504,0
8.47305,0
-9.72503,0
0.0691684,0
9.61496,0
8.37046,0
7.14709,0
-1.90713,0
-9.75512,0
-5.35345,0
0.912749,0
-2.32251,0
0.57606,0
-5.03131,0
-4.62765,0
-5.80891,0
7.32281,0
-3.00288,0
-6.21988,0
-0.660792,0
-0.0622408,0
-7.89766,0
5.9705,0
-8.33223,0
5.89546,0
4.5162,0
-8.61545,0
1.56384,0
-4.50775,0
-6.21668,0
1.55355,0
4.85263,0
-3.97796,0
-2.9806,0
5.54477,0
-1.4554,0
4.51726,0
-0.0186367,0
0.726528,0
0.860434,0
-6.97719,0
-0.672057,0
-6.28598,0
-1.66437,0
1.97208,0
0.289166,0
-1.98707,0
8.13292,0
-0.741018,0
7.53523,0
9.86946,0
-3.14917,0
5.54358,0
-0.357456,0
8.21313,0
9.10305,0
-1.86029,0
-7.09861,0
3.58391,0
6.22338,0
6.77099,0
-5.77657,0
7.33013,0
-8.34286,0
7.67421,0
9.43939,0
0.0400835,0
-2.5577,0
7.98728,0
7.2571,0
2.08998,0
2.76332,0
7.56766,0
7.06236,0
-3.86047,0
-2.76557,0
-2.22581,0
-7.53368,0
2.64139,0
0.0247128,0
0.765711,0
-8.3927,0
8.02567,0
-6.32127,0
-7.56503,0
2.01986,0
-1.53723,0
-0.251038,0
6.42752,0
-6.31843,0
1.12422,0
-0.143633,0
4.69349,0
-5.7906,0
2.51719,0
4.29854,0
5.37021,0
-8.08877,0
-0.595393,0
6.95804,0
-3.00179,0
-6.61505,0
-4.16018,0
4.68321,0
4.01379,0
-4.00931,0
-9.58004,0
0.806178,0
8.47656,0
-7.55393,0
-4.29544,0
8.17777,0
-7.95713,0
3.17812,0
-0.38702,0
4.07224,0
-0.591436,0
-3.55452,0
-1.80295,0
3.87909,0
-2.78085,0
9.29681,0
9.62282,0
3.31212,0
-5.8174,0
0.975814,0
-0.110417,0
2.13803,0
-6.53367,0
-6.71446,0
9.70951,0
6.95275,0
-3.17011,0
4.07109,0
-5.24579,0
3.70869,0
1.03307,0
-3.99611,0
7.80433,0
9.90805,0
4.69155,0
-6.83882,0
-1.95914,0
6.52222,0
2.9927,0
5.68245,0
-3.25688,0
3.99195,0
3.82416,0
-3.31825,0
-0.935329,0
-8.14424,0
2.22865,0
5.14976,0
-8.92038,0
6.31583,0
-2.06125,0
9.99982,0
8.22537,0
-7.62391,0
5.91944,0
7.30863,0
-2.27197,0
-7.44055,0
1.47067,0
-7.07787,0
-3.61046,0
-2.88144,0
-8.48301,0
3.77936,0
-3.42804,0
-7.98086,0
-6.8913,0
-7.13931,0
-0.943889,0
5.72968,0
-8.84013,0
1.97667,0
-1.02868,0
6.72536,0
-6.13918,0
2.54371,0
-9.47523,0
-3.92502,0
1.40352,0
0.756287,0
-8.76324,0
-7.62889,0
-0.280965,0
8.83039,0
-3.99808,0
-8.84746,0
2.24184,0
-1.00664,0
6.03872,0
-4.79782,0
3.32237,0
-0.339181,0
-6.8171,0
3.28414,0
6.35687,0
-2.36077,0
-7.53041,0
6.03009,0
0.757204,0
3.11054,0
1.08053,0
5.15635,0
-3.26229,0
1.9765,0
4.92343,0
-1.20864,0
-5.74993,0
1.69434,0
-1.40067,0
8.03105,0
5.46245,0
-5.96084,0
0.683686,0
-2.23823,0
-2.84606,0
-8.85416,0
-0.0355323,0
-9.73957,0
-8.74226,0
-3.71982,0
5.62908,0
-5.8824,0
2.70576,0
-7.8881,0
8.39384,0
-8.63197,0
-2.17918,0
-9.65874,0
2.16776,0
3.44981,0
3.00939,0
-8.92428,0
7.6762,0
7.88363,0
0.499933,0
3.37032,0
4.26855,0
-7.92833,0
6.80328,0
-6.15882,0
9.75522,0
-5.83496,0
-1.65013,0
5.24341,0
-0.482553,0
5.72681,0
-6.73134,0
0.775946,0
8.78343,0
6.13779,0
2.29491,0
1.69613,0
2.37802,0
2.28324,0
8.56967,0
6.93524,0
-9.22221,0
8.74683,0
0.833804,0
-2.47336,0
-3.92228,0
-7.24229,0
-4.59812,0
9.06234,0
-5.23589,0
-8.91758,0
-0.0285527,0
-1.61481,0
0.206322,0
-9.26256,0
-8.52448,0
-6.90757,0
-6.42509,0
-0.663652,0
5.77132,0
8.60409,0
5.50568,0
3.66942,0
6.08824,0
6.97324,0
2.04717,0
-6.7186,0
-1.99681,0
7.70571,0
8.43629,0
-9.82025,0
-0.137011,0
8.98947,0
1.53736,0
-9.96637,0
-5.08926,0
-7.72185,0
7.8264,0
3.19997,0
0.428691,0
7.69626,0
-3.45515,0
6.50691,0
-4.51205,0
-0.477079,0
8.67528,0
6.04206,0
4.95754,0
-7.9315,0
6.52962,0
-5.76592,0
-2.89789,0
-4.4257,0
2.77353,0
-4.99745,0
-3.62609,0
3.55366,0
-8.55939,0
2.86354,0
1.11837,0
1.19677,0
-4.95549,0
-3.26542,0
-5.63744,0
-3.66201,0
6.67239,0
-1.77715,0
-0.951185,0
0.977326,0
8.09856,0
-0.30661,0
-3.00493,0
-6.59446,0
-3.27658,0
8.92076,0
8.31937,0
-5.87183,0
-0.446671,0
-6.2575,0
-7.68364,0
-2.84326,0
6.14493,0
6.24746,0
8.55674,0
-2.07577,0
5.39172,0
3.83446,0
-8.15077,0
-7.89125,0
4.15655,0
-2.70407,0
4.28961,0
8.75008,0
-1.87404,0
6.7703,0
8.68442,0
-3.70637,0
6.7212,0
7.76831,0
-2.49273,0
-6.46093,0
5.90631,0
-1.7825,0
9.96791,0
-7.47131,0
8.42128,0
2.28255,0
-6.05158,0
-1.4555,0
2.31221,0
-3.82483,0
-2.13065,0
-0.364796,0
-5.27828,0
-7.47727,0
2.99282,0
-2.60662,0
-7.61462,0
7.57307,0
6.50664,0
-5.82497,0
-7.36659,0
-0.602558,0
-7.68861,0
2.81909,0
-0.497101,0
0.366679,0
5.06183,0
1.21067,0
-2.62617,0
3.94305,0
9.66683,0
-8.03149,0
-4.20978,0
-1.69771,0
8.65068,0
-3.59791,0
7.46629,0
-2.13506,0
-9.92376,0
3.95718,0
9.42836,0
-9.34509,0
-6.9975,0
2.92821,0
-3.15779,0
-4.14194,0
-1.79397,0
8.9308,0
-3.69691,0
2.65021,0
6.5988,0
6.08442,0
-6.25837,0
8.22929,0
8.25642,0
-5.55283,0
-2.34723,0
-3.59747,0
-3.94332,0
6.04136,0
2.66478,0
8.08301,0
-8.98878,0
-6.513,0
-8.20413,0
-8.99197,0
-8.15589,0
1.77878,0
-3.97755,0
7.87118,0
1.44938,0
-2.13661,0
9.57504,0
6.02441,0
1.68182,0
2.29724,0
-7.00284,0
-9.92693,0
-6.22685,0
3.40818,0
-6.39524,0
4.91187,0
8.94218,0
2.5828,0
-6.42007,0
-3.8336,0
-4.61355,0
-2.49967,0
2.76927,0
4.73256,0
-6.63404,0
9.3458,0
-2.377,0
1.41355,0
2.21669,0
-2.60772,0
4.29015,0
-5.46,0
6.76142,0
-3.46953,0
0.504361,0
-3.02191,0
-2.9504,0
3.07829,0
3.24397,0
9.88928,0
-6.85638,0
1.17749,0
-2.45738,0
-1.80891,0
-3.77571,0
-0.400519,0
-4.77907,0
8.22981,0
-6.47408,0
2.29702,0
2.91403,0
0.228628,0
-2.44669,0
-2.04613,0
-1.66594,0
9.0334,0
-3.58078,0
-9.9383,0
-4.69576,0
-4.95634,0
-0.115604,0
3.32199,0
-0.279532,0
7.36849,0
4.95156,0
9.68137,0
9.89517,0
3.79343,0
-2.97296,0
5.58639,0
-9.77412,0
6.26365,0
1.88639,0
-4.96211,0
9.38035,0
-9.07693,0
-5.50489,0
2.15158,0
6.26179,0
-7.53538,0
-6.72201,0
-9.11654,0
6.31374,0
-3.27228,0
8.79625,0
-8.02893,0
7.2355,0
6.87161,0
-2.81944,0
-0.473684,0
4.02871,0
4.85336,0
2.52905,0
7.57986,0
-0.234945,0
8.67868,0
7.42738,0
-9.2092,0
-6.34997,0
9.34891,0
-9.32346,0
-0.337221,0
-0.740532,0
-9.3848,0
2.5655,0
2.33737,0
-3.78248,0
-1.82544,0
-5.03685,0
5.74449,0
-4.23986,0
-7.03728,0
-2.21989,0
-1.97503,0
-8.25381,0
-7.39383,0
4.63544,0
-3.14348,0
1.33335,0
-9.19212,0
5.95591,0
2.23878,0
8.02828,0
0.151744,0
-0.557258,0
-5.12772,0
0.584911,0
-2.55539,0
5.27101,0
-4.93319,0
-7.82489,0
9.78933,0
-7.03753,0
8.54223,0
1.73597,0
3.04147,0
-2.74948,0
-3.56043,0
-3.30143,0
3.21765,0
5.1141,0
7.70118,0
6.71891,0
-0.718342,0
-1.15725,0
-8.2176,0
-6.36324,0
0.404652,0
0.395928,0
-0.246244,0
3.65224,0
-2.92147,0
5.38237,0
-4.44563,0
1.86127,0
-6.54071,0
-8.78226,0
-2.80255,0
9.42112,0
4.86087,0
0.0419186,0
-6.26971,0
-7.28242,0
2.79593,0
-7.21592,0
-9.89389,0
1.37376,0
-3.40555,0
4.54382,0
-0.74554,0
2.20067,0
2.63569,0
-6.07752,0
-5.58569,0
-7.14003,0
5.89332,0
-8.15999,0
-6.36155,0
5.97726,0
-2.81281,0
9.40623,0
-4.92186,0
-3.77689,0
1.20967,0
-1.96409,0
9.42041,0
-3.37006,0
-7.35098,0
-6.10342,0
-3.59853,0
9.21096,0
2.43197,0
2.29239,0
6.12335,0
-5.68936,0
-1.61477,0
1.5949,0
-7.21006,0
-6.99541,0
9.96775,0
9.23982,0
7.04713,0
3.76043,0
-7.13452,0
9.97774,0
2.96566,0
3.25248,0
8.26836,0
2.44888,0
-9.41128,0
-7.57873,0
2.39581,0
8.26015,0
-6.12365,0
2.03707,0
-6.41567,0
-2.53763,0
-6.28637,0
0.694495,0
9.9293,0
4.32212,0
-5.79653,0
-9.56873,0
4.50987,0
-3.6044,0
6.03067,0
-1.09249,0
3.04672,0
-9.68989,0
-2.63647,0
-8.26998,0
6.90663,0
-4.16348,0
-2.51591,0
-1.71022,0
-3.38754,0
3.56967,0
3.31986,0
-3.87281,0
-8.69625,0
-3.84635,0
5.50283,0
-1.26374,0
-8.77165,0
-1.54638,0
7.89047,0
7.42778,0
9.04901,0
3.4765,0
-7.21025,0
-0.0683955,0
3.11782,0
7.74868,0
0.618239,0
-0.505933,0
9.16261,0
6.66319,0
3.22687,0
-7.55867,0
-0.0108071,0
-3.06024,0
-8.71367,0
6.36961,0
-8.55831,0
7.04232,0
1.68021,0
-1.31917,0
-1.68673,0
-3.31621,0
-7.28771,0
5.92559,0
2.18916,0
-6.35857,0
-2.86777,0
-4.35326,0
2.03491,0
-2.70784,0
-3.20025,0
8.45535,0
-7.45707,0
6.67443,0
0.84318,0
9.081,0
6.87921,0
-9.61352,0
7.43575,0
-0.270361,0
2.5787,0
-7.49242,0
-2.68444,0
-4.76652,0
-5.03645,0
6.74912,0
-7.97876,0
-3.62505,0
-1.38038,0
4.99561,0
4.58511,0
-8.44405,0
-4.37142,0
4.61076,0
8.67926,0
9.23704,0
-8.50024,0
-1.82643,0
4.94031,0
-1.85414,0
-3.48411,0
3.89733,0
7.04583,0
-8.82827,0
5.93725,0
7.64657,0
6.49016,0
6.16434,0
5.4807,0
-1.72753,0
2.2412,0
2.95035,0
-9.02489,0
1.64762,0
5.73615,0
3.25044,0
-0.78226,0
9.24014,0
-7.5844,0
-3.98685,0
1.1724,0
8.96458,0
3.65724,0
-6.68992,0
9.33167,0
-0.102989,0
6.86855,0
7.42882,0
6.37385,0
2.99235,0
6.26832,0
-1.4296,0
-2.33402,0
5.65652,0
-3.52481,0
5.06766,0
6.30856,0
1.42711,0
-3.00062,0
1.42921,0
-5.49439,0
-0.70313,0
8.47903,0
-9.96728,0
6.16437,0
4.52328,0
3.27324,0
-3.49541,0
0.152836,0
4.06746,0
0.108424,0
0.465559,0
8.0984,0
-7.61399,0
6.48863,0
-2.0566,0
0.454933,0
8.02162,0
-7.80866,0
-6.54673,0
-8.38865,0
-9.14129,0
-0.401088,0
-9.28247,0
8.46519,0
-3.07204,0
9.29316,0
3.72284,0
0.305563,0
7.60325,0
6.96491,0
-7.78228,0
5.44139,0
-5.87771,0
7.38286,0
-0.737386,0
8.02948,0
5.91586,0
-3.17768,0
8.4006,0
0.818828,0
-0.472901,0
5.56614,0
-1.73014,0
4.88319,0
6.35966,0
5.59646,0
-1.40847,0
-0.121846,0
2.69445,0
-6.82081,0
-0.346198,0
-8.60953,0
-5.0485,0
-0.603323,0
0.988978,0
6.07636,0
6.46903,0
-8.516,0
-4.41718,0
3.62534,0
-8.16757,0
-0.811744,0
-8.76271,0
-4.65327,0
2.28252,0
-0.375304,0
-4.103,0
5.28079,0
3.59353,0
9.97515,0
4.17395,0
8.05193,0
0.876027,0
-1.0053,0
-7.37052,0
-0.527211,0
-2.94507,0
-6.94613,0
-7.11807,0
3.03564,0
-4.62111,0
6.08654,0
-3.93193,0
9.93713,0
2.78339,0
-5.12355,0
-2.10101,0
9.71908,0
-6.60049,0
-2.79659,0
3.23002,0
-9.59396,0
-6.00269,0
3.72006,0
6.08988,0
9.32947,0
0.836237,0
-4.14426,0
0.550024,0
-6.75337,0
-1.29008,0
-7.69648,0
8.48318,0
5.73259,0
-3.59586,0
9.81519,0
4.25202,0
3.84275,0
0.576823,0
-9.71075,0
0.68965,0
-9.2588,0
-4.07787,0
-8.82778,0
7.24468,0
2.40605,0
5.21358,0
-5.30737,0
7.97809,0
7.96052,0
7.05737,0
-9.10246,0
0.727638,0
5.69831,0
3.15284,0
8.48478,0
-3.2536,0
5.30988,0
-6.2744,0
-3.19242,0
9.12377,0
1.8412,0
-9.07118,0
0.721092,0
7.12079,0
6.82271,0
-7.42242,0
3.90607,0
-0.808354,0
7.04947,0
1.2761,0
4.24522,0
-2.98633,0
-9.54688,0
-1.51741,0
1.17368,0
9.65593,0
3.267,0
-7.40248,0
-5.22382,0
8.70888,0
-9.81837,0
8.52341,0
-8.42374,0
0.198646,0
1.25186,0
-3.44205,0
-3.07386,0
-8.57412,0
5.1414,0
7.95923,0
5.68343,0
-5.05054,0
5.58072,0
-5.73442,0
0.841955,0
5.67516,0
-0.440069,0
4.43747,0
-9.94257,0
3.01879,0
5.1616,0
4.29849,0
7.82567,0
9.48817,0
0.292856,0
3.52296,0
4.02149,0
0.41583,0
-5.26454,0
9.01489,0
5.87003,0
-8.60699,0
-0.058763,0
0.556407,0
-3.94903,0
-7.91976,0
7.03964,0
-0.268175,0
-6.36531,0
-5.67035,0
1.09146,0
3.79599,0
9.13045,0
6.63149,0
-4.01058,0
9.71234,0
3.47959,0
0.758896,0
-7.78631,0
-2.3655,0
0.805712,0
-0.800537,0
5.60464,0
0.600653,0
-5.71456,0
6.20562,0
7.0111,0
-2.05681,0
4.83233,0
9.8297,0
-1.2992,0
5.1034,0
6.39284,0
-5.17097,0
5.72279,0
5.09868,0
-2.31451,0
-7.76456,0
-4.87186,0
-9.53586,0
9.29614,0
4.03493,0
3.30143,0
8.06242,0
-1.85172,0
-1.94919,0
9.3706,0
3.89206,0
6.36099,0
-3.50253,0
7.82454,0
0.184271,0
-1.87179,0
3.41928,0
-3.6616,0
-6.11385,0
-2.8321,0
-6.29397,0
6.41678,0
-1.978,0
1.05313,0
-4.02162,0
-4.28453,0
-4.96042,0
-0.51074,0
-4.09375,0
-7.49193,0
-5.28775,0
-7.76731,0
-3.36741,0
4.81128,0
-7.81115,0
-6.63416,0
4.72257,0
-7.25693,0
2.47075,0
-7.20466,0
9.97853,0
-1.63177,0
2.31998,0
-6.68556,0
-6.73385,0
-1.47498,0
9.5394,0
-0.0213344,0
7.68658,0
6.43976,0
9.44818,0
-8.70524,0
-5.61409,0
-7.52479,0
-1.74393,0
1.94475,0
-9.79101,0
2.68114,0
8.76791,0
9.48575,0
-0.0926703,0
7.58185,0
8.32928,0
0.276605,0
2.83791,0
2.36943,0
-4.7856,0
-3.71938,0
-7.92228,0
-7.65816,0
4.23831,0
6.69907,0
9.54478,0
5.13856,0
-3.3829,0
-2.89479,0
8.56732,0
1.74503,0
-0.640569,0
4.65885,0
-7.12429,0
-4.27273,0
-2.14523,0
-8.48054,0
0.0215196,0
2.07104,0
-1.97528,0
-7.83256,0
9.90874,0
9.15195,0
-4.85687,0
1.99187,0
8.88676,0
1.42878,0
-8.3513,0
-9.21449,0
-3.03009,0
-8.63589,0
9.25411,0
8.63402,0
-4.79527,0
3.66024,0
-9.20497,0
2.34471,0
1.38979,0
-4.70264,0
3.4531,0
5.63256,0
9.96039,0
9.74823,0
8.66829,0
-0.505579,0
-0.85297,0
6.70247,0
2.76557,0
-7.99473,0
-3.23059,0
-4.08294,0
3.26518,0
-3.42641,0
0.317936,0
4.18555,0
-1.0781,0
-9.78716,0
-2.64227,0
1.74031,0
-8.88157,0
0.900793,0
-5.69302,0
0.971277,0
3.62397,0
2.33967,0
-9.26781,0
-6.86085,0
-5.47654,0
-6.39494,0
-6.38472,0
6.66675,0
7.1727,0
-4.95983,0
-6.00813,0
-6.05691,0
2.26705,0
7.47871,0
6.10855,0
5.79025,0
8.32423,0
9.94737,0
4.67215,0
-7.75783,0
7.07285,0
6.26263,0
-0.781483,0
3.22695,0
1.11975,0
8.2756,0
2.555,0
-4.64175,0
-7.12405,0
-8.65815,0
6.68074,0
-0.238203,0
-1.44021,0
-1.82704,0
3.79759,0
3.8207,0
-4.99859,0
-9.974,0
8.52897,0
4.16176,0
-6.48281,0
3.30991,0
-2.07745,0
-2.94287,0
-7.4041,0
9.8045,0
-6.24297,0
9.05481,0
6.96454,0
-6.48257,0
0.540451,0
-2.07723,0
7.58981,0
9.55706,0
3.55256,0
-7.24533,0
4.16372,0
-7.9228,0
2.2262,0
4.40577,0
8.13537,0
6.86007,0
-7.71376,0
-2.31129,0
1.82485,0
1.68173,0
8.20173,0
3.38357,0
-0.668138,0
7.84089,0
3.64664,0
8.04738,0
-6.32131,0
-3.39166,0
0.0341459,0
-9.71753,0
6.04003,0
-6.76743,0
9.44991,0
-9.39534,0
1.88525,0
-9.50683,0
-8.35409,0
-7.62173,0
0.116731,0
4.45458,0
3.29321,0
2.19638,0
-2.07237,0
3.18214,0
3.5973,0
-2.26654,0
-0.902628,0
3.57254,0
0.827623,0
0.844747,0
-4.58218,0
0.559245,0
4.94948,0
-8.14443,0
1.98196,0
3.84639,0
-9.04822,0
-4.20813,0
2.45473,0
-5.80061,0
7.44752,0
7.37615,0
-6.88626,0
1.88158,0
6.70955,0
2.41554,0
-0.662556,0
-4.93121,0
9.78642,0
4.56846,0
1.12782,0
9.89653,0
-8.43224,0
6.182,0
7.65585,0
2.87886,0
-4.75262,0
5.8669,0
3.03561,0
-1.67899,0
6.72314,0
2.76189,0
7.4673,0
-2.45668,0
4.89879,0
-6.70387,0
-7.92499,0
4.10919,0
-7.7993,0
-8.02265,0
7.36604,0
-2.14365,0
2.34228,0
2.3654,0
6.64887,0
-9.56878,0
-4.0717,0
8.53769,0
9.33366,0
7.36407,0
5.71733e-05,0
-6.15308,0
-2.29202,0
7.74527,0
-3.80996,0
3.67835,0
3.22689,0
0.0399658,0
-0.377314,0
-9.6244,0
-1.1932,0
-5.7725,0
-0.0455351,0
-8.12228,0
3.91316,0
6.34941,0
-3.45105,0
2.27547,0
-8.87456,0
7.07505,0
9.38819,0
2.80893,0
7.63076,0
-5.73676,0
5.0002,0
-0.930422,0
6.64571,0
5.26967,0
0.792561,0
-9.4288,0
0.255685,0
5.70112,0
2.57717,0
5.69705,0
-6.18877,0
1.55977,0
-1.76007,0
-3.68454,0
-6.33319,0
8.18769,0
-0.416958,0
-2.74603,0
-6.42715,0
4.28846,0
9.96946,0
9.49289,0
7.46625,0
-1.03811,0
-7.04706,0
1.66087,0
9.59513,0
-9.90798,0
1.30114,0
4.72626,0
3.61355,0
-5.40788,0
-7.50937,0
-9.95369,0
0.127408,0
-7.79194,0
4.49439,0
-3.27414,0
3.44419,0
-6.46294,0
-9.03902,0
-0.927881,0
-9.26257,0
-7.28192,0
6.93475,0
-2.49546,0
6.51143,0
-6.70466,0
2.34235,0
8.21688,0
-6.62116,0
-5.95106,0
-5.47464,0
3.34307,0
-9.96837,0
6.69794,0
-2.94045,0
-6.77134,0
-6.10456,0
6.85146,0
-3.83589,0
0.976494,0
-5.30265,0
9.3376,0
4.03,0
-2.89809,0
4.83263,0
-5.88349,0
-2.52211,0
-5.05797,0
9.1342,0
3.59995,0
4.805,0
-4.24453,0
6.28558,0
-7.79819,0
3.31777,0
-8.99152,0
9.21666,0
8.39731,0
-9.80362,0
1.18365,0
-6.0952,0
4.66162,0
9.62822,0
5.06816,0
-2.57533,0
2.19531,0
4.65698,0
9.41413,0
2.58012,0
-3.47834,0
-8.60285,0
7.23277,0
-1.40379,0
0.258731,0
-9.74468,0
7.6994,0
-4.24803,0
-7.39111,0
-7.42375,0
-2.16084,0
4.33301,0
-1.5775,0
9.64084,0
9.35605,0
9.94377,0
-8.3799,0
0.380178,0
-8.5936,0
9.84083,0
-8.84791,0
5.06176,0
-2.72226,0
4.22827,0
-0.389877,0
0.363491,0
-5.23416,0
4.73949,0
9.28337,0
3.28591,0
8.80011,0
9.50322,0
0.39687,0
8.50819,0
1.35839,0
5.15275,0
-2.03757,0
4.25912,0
1.66578,0
-5.82102,0
4.9859,0
5.75717,0
-8.30265,0
8.83031,0
1.86664,0
7.14029,0
8.3721,0
4.84648,0
5.63349,0
2.47213,0
4.09415,0
4.06012,0
-4.64505,0
-0.843822,0
-6.87556,0
4.35279,0
2.34388,0
-7.38924,0
9.30798,0
2.72884,0
7.38929,0
3.93176,0
3.7627,0
2.31996,0
-3.27102,0
-7.85455,0
-7.16251,0
2.95592,0
2.97154,0
-8.92291,0
7.54709,0
-4.28387,0
1.31107,0
-4.32603,0
6.48861,0
8.85653,0
2.35607,0
-4.40456,0
-4.92244,0
-8.92383,0
3.125,0
-5.96184,0
2.6269,0
1.79184,0
-5.09644,0
-8.32747,0
7.18195,0
8.43813,0
1.62386,0
3.3152,0
4.90529,0
4.51311,0
9.59711,0
0.150062,0
-8.86916,0
-7.66635,0
6.65616,0
2.70526,0
-6.03677,0
8.68874,0
7.15477,0
-4.29287,0
5.83447,0
-0.323717,0
4.09286,0
5.5302,0
-8.56246,0
4.63767,0
-7.74948,0
4.8467,0
2.61119,0
-1.34348,0
-3.40804,0
-1.30415,0
-9.65187,0
5.31242,0
-3.46289,0
6.87395,0
-9.35659,0
2.17988,0
4.18954,0
-4.94756,0
9.40157,0
6.92224,0
8.70373,0
3.40599,0
-5.32349,0
0.394173,0
8.12861,0
3.94681,0
-3.36046,0
-4.13122,0
-9.55817,0
-5.26303,0
-5.77557,0
-4.80291,0
5.48279,0
2.73448,0
5.81187,0
8.08178,0
-7.78196,0
4.8556,0
5.26684,0
-1.81987,0
-5.6469,0
7.36236,0
0.0757693,0
1.9444,0
5.09515,0
0.0467656,0
-6.0313,0
-9.27447,0
-1.44117,0
-1.27464,0
7.13319,0
2.93481,0
-7.01425,0
0.534501,0
5.55785,0
-4.92031,0
3.69316,0
-6.71325,0
0.56886,0
4.14887,0
-3.26633,0
3.87658,0
-6.26396,0
9.69242,0
1.43457,0
1.85673,0
8.07703,0
-5.6818,0
-9.77457,0
8.41224,0
-9.92829,0
-3.99912,0
-8.32632,0
-5.36868,0
6.89213,0
-7.63988,0
-5.51944,0
9.96042,0
-6.00202,0
1.65625,0
-5.15827,0
-2.63547,0
-2.28042,0
-7.80655,0
9.68633,0
-3.71025,0
5.02351,0
7.94453,0
-5.06365,0
5.81852,0
-0.738233,0
2.09023,0
-4.97961,0
4.41583,0
4.33232,0
-6.80312,0
1.65734,0
2.55116,0
-7.48301,0
9.44495,0
-7.73959,0
-2.20185,0
-8.63308,0
4.38335,0
9.61195,0
-6.89394,0
-0.630009,0
-2.48794,0
1.82723,0
6.6818,0
-6.53387,0
-0.721464,0
1.56058,0
1.35406,0
2.80184,0
4.86226,0
0.0657981,0
7.70916,0
6.35289,0
1.95437,0
0.0802475,0
4.23363,0
-5.51758,0
-5.48222,0
3.62176,0
-7.37869,0
0.297335,0
1.07371,0
7.25018,0
-7.9136,0
4.70317,0
6.00379,0
-4.61406,0
-1.81091,0
-6.49741,0
6.23243,0
-5.46178,0
-1.44578,0
-6.41374,0
-3.39197,0
-6.93089,0
4.14493,0
-8.76605,0
-5.14709,0
6.07995,0
-1.71813,0
2.01056,0
-6.36407,0
8.08851,0
4.34366,0
-5.45359,0
-0.788153,0
1.68948,0
2.41279,0
5.97406,0
-8.65112,0
-5.1846,0
-4.15956,0
-3.90396,0
-1.84691,0
4.05102,0
6.10591,0
-4.40601,0
-7.00992,0
-9.77095,0
4.97176,0
0.335058,0
8.79803,0
7.60988,0
-8.91784,0
-5.64435,0
0.870356,0
1.48807,0
3.85053,0
8.60071,0
-7.77892,0
-2.10615,0
3.18145,0
-5.18588,0
4.78483,0
-5.45509,0
-6.8536,0
2.70233,0
4.67711,0
-3.26029,0
-4.98198,0
8.11708,0
-9.78032,0
-0.422146,0
3.24506,0
2.68229,0
0.914373,0
2.25929,0
6.35072,0
-2.81226,0
-5.58805,0
-7.28536,0
-0.0747958,0
6.73647,0
3.30698,0
6.4767,0
0.739292,0
-3.39886,0
-9.76599,0
1.92129,0
-9.60767,0
-7.29373,0
9.69032,0
0.9457,0
-1.02342,0
-8.43802,0
-9.95629,0
1.73364,0
1.13115,0
5.82979,0
-6.46702,0
-8.8995,0
-2.05019,0
3.72638,0
-4.16453,0
9.00322,0
5.77041,0
-1.01249,0
-0.154893,0
-5.97298,0
-5.59235,0
5.33277,0
1.24003,0
-0.718807,0
0.407619,0
-2.93555,0
4.43734,0
4.01843,0
1.35235,0
-5.692,0
-8.3572,0
-2.76665,0
-8.09818,0
8.20041,0
7.02461,0
-2.92752,0
4.55057,0
9.9623,0
-5.00501,0
8.74664,0
-6.82614,0
-1.4349,0
5.52296,0
9.72709,0
-6.42431,0
8.94333,0
9.62907,0
0.445686,0
5.10808,0
-8.00882,0
4.10237,0
-6.32847,0
0.677042,0
5.34397,0
8.38109,0
9.96224,0
4.77794,0
9.34757,0
-3.28019,0
7.07857,0
0.858147,0
5.92701,0
8.57814,0
2.51579,0
-0.531648,0
-1.3501,0
6.70925,0
-4.93555,0
3.39271,0
-7.24124,0
9.78656,0
8.16339,0
4.7609,0
4.42946,0
6.01194,0
-2.00154,0
-4.13554,0
6.75766,0
6.67603,0
-1.67435,0
7.83041,0
2.3276,0
0.83421,0
-6.072,0
5.49833,0
-4.76524,0
-7.96972,0
-6.02978,0
-3.30808,0
6.41681,0
2.2309,0
0.323678,0
-7.1116,0
5.9652,0
8.09313,0
6.36665,0
-2.16755,0
-2.24117,0
-5.09824,0
-4.89685,0
-3.85741,0
-8.01045,0
7.04634,0
8.63677,0
4.50152,0
-0.593527,0
3.90923,0
-7.37732,0
-5.56252,0
-1.92573,0
2.64993,0
1.62105,0
8.40419,0
1.45305,0
-4.12446,0
-5.46164,0
-4.28086,0
-9.1279,0
-9.08561,0
-6.48093,0
3.55041,0
9.01042,0
-5.99827,0
-0.396998,0
-8.83638,0
-4.69833,0
4.27478,0
4.54877,0
-5.73577,0
4.94063,0
-9.94517,0
-9.70754,0
7.19111,0
0.513686,0
-9.74554,0
-7.17648,0
-3.24924,0
-2.93419,0
7.86895,0
-2.93014,0
4.34266,0
0.070277,0
2.9917,0
-6.13737,0
9.7027,0
-7.74145,0
3.86023,0
3.99709,0
-7.83546,0
0.504973,0
-2.18988,0
7.78128,0
-1.63089,0
-1.50922,0
8.90792,0
-2.8908,0
-0.346597,0
-6.8317,0
6.76576,0
4.5353,0
-5.24789,0
-7.08846,0
-1.87772,0
-7.42116,0
0.33282,0
-4.80697,0
9.74799,0
1.24719,0
3.43458,0
3.25603,0
-8.89493,0
-1.46708,0
8.95709,0
6.43594,0
2.56345,0
3.12324,0
1.65977,0
7.31027,0
-6.71746,0
7.20011,0
-4.52713,0
9.33315,0
-0.303546,0
-0.553997,0
8.52812,0
1.98389,0
1.91266,0
1.4456,0
3.3626,0
5.35068,0
1.21259,0
5.55317,0
1.16532,0
1.87892,0
-5.9319,0
8.44049,0
-0.908259,0
-5.59465,0
-8.34272,0
7.6548,0
-3.12755,0
-7.76573,0
9.53653,0
8.72308,0
0.0348537,0
5.65532,0
-3.15069,0
2.73275,0
-9.82242,0
4.37684,0
-9.07312,0
5.84224,0
9.20567,0
-8.80987,0
0.70694,0
3.14071,0
-8.46322,0
-2.85735,0
3.0743,0
-1.61084,0
-4.22954,0
-8.58101,0
0.122497,0
-2.82816,0
-1.30848,0
-9.06985,0
-7.6487,0
-2.55658,0
-6.87794,0
2.13411,0
-6.64677,0
5.53731,0
-0.185799,0
-2.73233,0
9.33173,0
-9.62365,0
0.841666,0
-0.253908,0
-3.8817,0
8.28366,0
7.08016,0
-6.67428,0
1.70036,0
-2.87975,0
-0.553974,0
3.46578,0
1.87351,0
-6.91892,0
3.26747,0
8.64596,0
5.04593,0
-7.3302,0
-4.6612,0
8.21504,0
2.89625,0
3.15021,0
2.96398,0
-5.35155,0
-1.47952,0
-4.35318,0
-2.48059,0
-8.0229,0
-8.5221,0
4.71821,0
3.78017,0
7.89518,0
-2.16784,0
8.83894,0
0.193832,0
-4.67078,0
8.74518,0
0.664154,0
-6.33176,0
-3.19174,0
-3.054,0
-7.7057,0
5.03606,0
7.06108,0
6.13338,0
-3.05519,0
-7.79847,0
9.06585,0
3.74355,0
1.78087,0
-9.6348,0
-8.96536,0
-2.35982,0
7.88623,0
-7.61641,0
-0.83951,0
3.2418,0
7.06097,0
0.934985,0
7.76398,0
-1.98414,0
2.6341,0
4.48832,0
6.49444,0
-0.162379,0
-0.563632,0
-2.78506,0
-6.38663,0
-2.49741,0
-0.713307,0
6.17954,0
0.151159,0
-9.47557,0
0.988304,0
1.30018,0
2.32979,0
-8.80201,0
7.98401,0
5.90967,0
9.57939,0
-4.99149,0
7.10483,0
6.95846,0
4.00906,0
2.63714,0
-1.08953,0
7.23639,0
3.03433,0
-5.03425,0
7.07745,0
0.722579,0
-5.31976,0
5.9328,0
7.20534,0
1.35078,0
-0.381415,0
4.45967,0
3.90592,0
7.65482,0
-8.32689,0
-8.88656,0
3.64554,0
0.543347,0
4.94839,0
1.11593,0
-7.28939,0
-8.97761,0
5.08352,0
5.46231,0
-3.14631,0
1.32922,0
-6.56627,0
-5.89164,0
-7.81388,0
-1.36832,0
-3.70297,0
-3.44804,0
-9.04445,0
-1.11994,0
9.04858,0
-8.11416,0
-2.57709,0
6.57555,0
-5.60914,0
-9.65936,0
3.4687,0
-6.70387,0
-4.65445,0
-2.64163,0
7.88953,0
3.54764,0
0.0899271,0
1.164,0
-3.91189,0
9.27137,0
1.28557,0
-0.983714,0
7.89279,0
8.31514,0
1.10257,0
6.61678,0
5.25054,0
9.04977,0
2.52287,0
-7.51199,0
0.590661,0
8.15016,0
-8.76031,0
5.7806,0
6.6377,0
0.139216,0
-9.55216,0
-2.50195,0
4.39078,0
-0.930827,0
4.88525,0
-1.06626,0
3.73708,0
8.81019,0
3.6542,0
4.45189,0
7.52712,0
9.7695,0
8.72788,0
9.5455,0
7.11883,0
6.9099,0
9.9111,0
-5.15515,0
-4.22372,0
4.58577,0
-2.85764,0
-0.36409,0
7.37654,0
-6.93115,0
4.09481,0
-6.29612,0
7.14807,0
-5.24964,0
6.3361,0
9.81088,0
-0.287043,0
1.06989,0
-7.77829,0
-9.29082,0
1.95404,0
-5.43747,0
-3.93324,0
-7.87583,0
-4.86421,0
5.74035,0
7.60686,0
2.38012,0
3.03388,0
2.69038,0
3.60254,0
-4.91777,0
-3.27486,0
9.31929,0
4.54754,0
7.5445,0
2.66881,0
-9.92261,0
6.43593,0
2.72884,0
-3.92795,0
8.67668,0
-6.56686,0
1.821,0
-6.11905,0
5.2354,0
0.759414,0
6.73514,0
4.29754,0
8.91284,0
-8.29913,0
6.8129,0
0.2398,0
-0.129494,0
-3.24516,0
-1.77802,0
-6.39928,0
8.81916,0
-8.77287,0
-1.23797,0
-6.91901,0
-7.28647,0
-7.82051,0
2.49239,0
-7.31879,0
-0.890364,0
-4.96353,0
-8.46841,0
-1.07761,0
-1.7128,0
-3.57461,0
-0.487256,0
-2.20986,0
1.52983,0
-3.13838,0
8.12262,0
-3.50709,0
8.90371,0
8.28759,0
3.96667,0
-5.42682,0
9.62833,0
-5.4417,0
6.57233,0
-3.60293,0
4.34669,0
8.39179,0
-4.00688,0
-9.08,0
-7.80944,0
-4.34749,0
-5.67069,0
-2.61023,0
4.54111,0
0.885389,0
7.30587,0
6.70512,0
-3.28069,0
-1.87379,0
9.21851,0
8.71055,0
4.01137,0
0.685662,0
-9.04406,0
-2.19134,0
6.32911,0
6.22207,0
0.999651,0
-6.16413,0
7.8495,0
-3.26206,0
-1.64044,0
7.72803,0
1.61053,0
5.31375,0
3.71564,0
9.12018,0
9.20139,0
-3.63229,0
7.25714,0
-5.40391,0
-3.77389,0
8.76397,0
9.74184,0
-2.39525,0
6.03474,0
-0.694642,0
-1.01834,0
0.666912,0
6.52572,0
-9.94563,0
-9.57019,0
2.56686,0
5.58099,0
-4.91849,0
-7.75471,0
7.83337,0
-7.92075,0
-8.44469,0
1.62406,0
2.56358,0
7.69983,0
-9.39074,0
5.05646,0
0.706346,0
-3.02298,0
6.73311,0
-2.12803,0
-2.8732,0
6.95303,0
4.16693,0
8.34967,0
7.44872,0
-1.44512,0
-6.98585,0
4.1228,0
2.23459,0
6.63755,0
-4.89,0
6.24338,0
-4.67376,0
-2.84722,0
4.07697,0
9.46045,0
6.72265,0
-4.62653,0
-4.29049,0
-6.16714,0
-3.03934,0
5.55186,0
-0.858582,0
2.18435,0
-8.30357,0
7.84201,0
1.18462,0
3.13802,0
7.7646,0
8.38677,0
-4.92174,0
-3.74455,0
-2.42261,0
3.38887,0
-6.19809,0
-3.15603,0
-9.36418,0
-6.43249,0
-9.85051,0
9.28609,0
0.196631,0
-6.57415,0
-0.849506,0
2.5235,0
9.18881,0
-0.648319,0
-9.99591,0
2.85987,0
-3.66945,0
4.65979,0
-1.09321,0
-8.4918,0
-9.40496,0
3.53304,0
9.85089,0
-7.78441,0
4.24275,0
5.15936,0
-1.86732,0
-5.43024,0
-3.81021,0
-6.40147,0
-3.43619,0
6.75378,0
6.34587,0
-5.02124,0
6.79412,0
4.1648,0
-1.33689,0
9.83809,0
-9.90256,0
-4.20487,0
-3.03826,0
0.674082,0
6.53434,0
-3.42253,0
3.52927,0
-8.8888,0
-4.76056,0
3.66461,0
0.574997,0
-7.49742,0
-2.21591,0
6.39309,0
-0.546929,0
5.57076,0
6.59916,0
-6.52464,0
-7.04386,0
-1.56242,0
-7.70612,0
2.99695,0
-4.92498,0
-3.4654,0
-6.52631,0
-3.90537,0
-1.60396,0
-6.10115,0
-2.7547,0
-5.47843,0
6.39822,0
5.45629,0
-1.20972,0
4.22948,0
-0.484775,0
0.294812,0
-1.78252,0
-4.89554,0
-5.11252,0
-4.48004,0
-7.78153,0
8.87079,0
6.60185,0
-8.09159,0
-3.41819,0
4.79328,0
-0.119563,0
-1.92962,0
1.62909,0
-1.20185,0
-7.51408,0
-4.61018,0
-9.86533,0
-1.96814,0
5.50554,0
9.59218,0
-3.97198,0
1.26721,0
-3.19388,0
-0.334011,0
-0.570129,0
-1.18494,0
9.05201,0
-2.5488,0
-9.14279,0
-2.57544,0
0.780301,0
-6.66532,0
3.88432,0
7.0707,0
-5.93346,0
0.424306,0
7.91214,0
-1.70332,0
8.01022,0
4.78364,0
5.70709,0
1.87525,0
-0.346437,0
2.01464,0
-8.24425,0
-5.55055,0
-5.20063,0
-6.65431,0
-6.89857,0
-4.03785,0
-3.58001,0
0.436061,0
1.49669,0
0.47488,0
-7.06426,0
0.706817,0
-2.98503,0
9.76078,0
6.31405,0
4.23073,0
-6.2094,0
-6.47543,0
-8.49661,0
-0.52615,0
5.322,0
1.76057,0
-4.43192,0
0.156302,0
-8.35217,0
5.45798,0
9.51063,0
-1.3235,0
7.87244,0
-6.08586,0
-5.69957,0
-6.4333,0
9.49179,0
8.53243,0
-1.85827,0
-2.719,0
4.07611,0
-3.29925,0
-7.19783,0
-3.50787,0
-2.17618,0
8.32888,0
0.025718,0
-7.28687,0
-1.7397,0
-6.951,0
-3.71713,0
8.79577,0
2.46684,0
-8.0713,0
9.96982,0
-1.05972,0
6.2804,0
9.68263,0
0.198509,0
-1.30881,0
-8.13436,0
3.68835,0
-3.52388,0
-0.149197,0
8.27137,0
-5.37553,0
-2.1826,0
-4.65108,0
3.57042,0
1.39153,0
-1.16117,0
3.18041,0
-6.68309,0
-0.125147,0
6.69205,0
1.9057,0
3.32633,0
-1.09256,0
9.14638,0
-7.02012,0
1.35455,0
8.72048,0
-8.00326,0
-8.65134,0
-9.17502,0
9.08342,0
3.13179,0
-4.43395,0
-4.6271,0
-0.719203,0
2.00334,0
2.35893,0
-6.57464,0
8.83998,0
7.41468,0
-7.37651,0
3.61837,0
-0.478754,0
7.56483,0
0.789276,0
-1.63208,0
3.8382,0
-5.80507,0
3.81293,0
-1.2414,0
-6.60067,0
-2.74628,0
7.35241,0
-7.00818,0
2.60845,0
-2.05068,0
-2.40213,0
1.26825,0
8.59792,0
-4.7886,0
-4.41885,0
7.03556,0
-2.24928,0
4.80719,0
-1.1389,0
-1.38058,0
0.839552,0
9.14256,0
5.75871,0
-2.12599,0
4.88164,0
8.29923,0
6.70951,0
-2.30191,0
-1.15862,0
9.85687,0
5.70934,0
-0.492496,0
7.93154,0
-5.54247,0
7.6092,0
9.31955,0
-4.33991,0
0.576997,0
-9.27124,0
6.20863,0
-0.463546,0
0.851905,0
0.990519,0
-3.19665,0
-8.27406,0
5.50059,0
3.35656,0
-2.13486,0
-2.87653,0
9.24373,0
-9.43587,0
8.01018,0
7.24877,0
7.87238,0
7.29569,0
3.67884,0
-6.5491,0
9.87645,0
-6.00235,0
3.62214,0
-8.89118,0
-9.91241,0
0.719215,0
-6.5177,0
-1.05804,0
-3.56061,0
-7.43868,0
9.01072,0
-5.16292,0
-4.1978,0
6.13381,0
8.66615,0
-4.44458,0
-1.12549,0
-0.730741,0
4.62878,0
-2.12125,0
6.66419,0
-0.963761,0
2.62251,0
9.974,0
-8.02597,0
2.50048,0
2.1655,0
-4.44313,0
5.76708,0
5.02499,0
-2.68259,0
-7.61894,0
9.35029,0
2.40833,0
-5.31061,0
-6.50725,0
-7.91155,0
7.47796,0
-1.61218,0
-0.501581,0
-8.12588,0
-5.58289,0
5.52719,0
-2.84022,0
-2.66602,0
7.94577,0
-0.933379,0
7.74032,0
-7.31942,0
-3.91658,0
-0.745516,0
-8.07127,0
3.9246,0
-2.77482,0
1.45304,0
-4.33003,0
9.80416,0
-1.53997,0
-8.04512,0
8.20273,0
0.54411,0
7.44371,0
-5.8144,0
-7.60506,0
2.43524,0
2.25263,0
4.49581,0
8.26695,0
3.85271,0
-8.89918,0
-2.55384,0
8.32404,0
4.73199,0
-7.51917,0
-2.62611,0
9.08782,0
8.72051,0
1.59629,0
2.23431,0
-9.20633,0
-3.81534,0
-2.2147,0
7.33568,0
9.34208,0
-7.41658,0
-0.356715,0
2.63932,0
-5.71638,0
3.0506,0
-1.57674,0
-4.90329,0
-0.553713,0
-7.18841,0
2.93284,0
-8.79659,0
-7.83146,0
-1.2781,0
3.27089,0
-2.14884,0
-9.27407,0
1.37619,0
-1.70834,0
-3.3557,0
-2.94031,0
-7.66627,0
5.49708,0
8.26632,0
7.45577,0
-5.6246,0
1.83803,0
-8.01517,0
-7.94977,0
-4.27673,0
-4.09773,0
3.0169,0
6.87007,0
2.50821,0
4.92728,0
-1.52099,0
9.57745,0
8.55489,0
4.19064,0
-4.12524,0
-6.46854,0
-2.99399,0
-9.49887,0
9.14985,0
2.24924,0
4.215,0
5.97969,0
3.79763,0
-9.21751,0
5.78527,0
-4.21606,0
4.35324,0
-9.66446,0
7.17782,0
0.357036,0
-5.48272,0
-1.23138,0
-9.78516,0
-4.31227,0
-9.71384,0
1.71267,0
8.66764,0
3.45346,0
6.70247,0
-6.36726,0
7.78523,0
5.51272,0
-0.376683,0
-2.41673,0
-0.975691,0
-4.24057,0
-6.57745,0
4.3907,0
7.00304,0
-8.45511,0
8.75931,0
-9.64405,0
-6.54514,0
6.76796,0
2.3025,0
-9.42543,0
-7.70363,0
7.91265,0
-9.318,0
-4.55801,0
-1.72,0
7.15629,0
-9.83877,0
-7.32405,0
0.486248,0
-2.85114,0
-8.09637,0
-2.45405,0
-0.745826,0
-4.76006,0
-2.19779,0
-3.41226,0
0.985525,0
3.24535,0
5.66814,0
2.15667,0
-4.88121,0
2.62782,0
8.8605,0
0.217254,0
4.58921,0
9.3957,0
-0.738399,0
-0.270953,0
-9.70402,0
-8.84425,0
2.4808,0
0.731816,0
1.17356,0
8.04608,0
-8.66025,0
1.89541,0
-5.81605,0
2.5027,0
3.83649,0
-3.31175,0
-4.78996,0
9.89727,0
-5.65848,0
-4.94151,0
9.07121,0
4.79156,0
-8.42763,0
-6.13561,0
-9.71418,0
-1.71285,0
5.5546,0
-6.98151,0
-5.36881,0
-0.481962,0
0.88256,0
-4.1797,0
2.71276,0
7.30756,0
-4.46744,0
-4.48652,0
-8.53647,0
6.44378,0
8.58241,0
-9.98443,0
-9.99386,0
7.41662,0
-4.43224,0
-0.267738,0
-6.81606,0
5.45136,0
-7.8373,0
-7.22267,0
8.97832,0
1.89227,0
-4.86495,0
-8.72306,0
4.33609,0
-9.98786,0
-1.29024,0
-4.14256,0
2.17868,0
-3.81563,0
7.98423,0
-3.82382,0
-2.09744,0
-0.643952,0
-7.20265,0
-3.89224,0
-6.88282,0
-4.97694,0
-9.4609,0
7.67302,0
1.89243,0
7.1135,0
-8.12779,0
-1.98203,0
-0.714877,0
9.2201,0
1.48155,0
3.29635,0
-6.87882,0
-1.03295,0
5.61353,0
-8.68167,0
-6.21967,0
7.22931,0
2.77663,0
-6.824,0
-6.68852,0
1.09952,0
3.5645,0
-1.2566,0
-8.64313,0
-0.731625,0
5.30429,0
-3.21191,0
-6.05312,0
5.2156,0
6.44674,0
7.15637,0
2.81887,0
7.96541,0
-6.11326,0
8.41664,0
-5.59717,0
-0.265824,0
-1.46156,0
-9.14114,0
4.95728,0
8.69951,0
3.59802,0
8.60696,0
1.93414,0
1.34241,0
-3.95612,0
-8.10806,0
-0.988863,0
-7.82031,0
-1.82308,0
6.72718,0
-6.83475,0
-8.45909,0
-8.48505,0
9.31139,0
-8.24632,0
9.02489,0
4.51187,0
8.20126,0
-0.420995,0
-7.97779,0
-7.98896,0
-0.841516,0
1.84635,0
-0.910693,0
-9.376,0
-7.33061,0
-4.60049,0
-1.02699,0
-7.0102,0
7.28376,0
-0.972841,0
7.81899,0
-6.18064,0
8.4478,0
-3.10617,0
-6.31731,0
9.98787,0
-7.86657,0
-0.375564,0
2.70455,0
3.05645,0
-3.74697,0
8.0033,0
4.35798,0
-2.41255,0
5.74946,0
-4.05279,0
-9.81141,0
-2.91865,0
8.2424,0
-6.88934,0
5.35094,0
9.23283,0
8.13189,0
4.29229,0
4.5745,0
7.60664,0
7.85497,0
8.66948,0
-8.06929,0
-4.36169,0
9.06773,0
6.31881,0
-1.35031,0
-0.50158,0
-1.26297,0
-6.84759,0
-9.91641,0
-8.50527,0
1.34629,0
-0.6366,0
-3.35142,0
-7.27236,0
-3.68974,0
5.25198,0
5.57989,0
-4.1591,0
-3.95601,0
-8.10269,0
-2.6831,0
-3.83524,0
-0.953861,0
4.3618,0
-9.22209,0
-6.2612,0
1.10238,0
3.84243,0
-3.11377,0
-2.38862,0
3.21769,0
-6.36578,0
2.33485,0
-1.95288,0
-1.62549,0
6.88061,0
6.53137,0
-7.13324,0
3.04241,0
-7.27672,0
5.15505,0
1.84083,0
-2.23856,0
-4.53411,0
0.427393,0
4.76041,0
-6.46378,0
0.720514,0
1.5611,0
5.38999,0
-0.812005,0
-1.55829,0
8.24631,0
-0.654686,0
7.11907,0
4.37638,0
-0.873984,0
3.15844,0
0.530745,0
-0.835007,0
9.68364,0
-3.68865,0
-3.15205,0
5.80953,0
1.4705,0
-1.57364,0
-8.73161,0
-4.84077,0
7.02442,0
8.42022,0
9.14257,0
-7.894,0
2.75848,0
3.36335,0
-9.89256,0
8.85663,0
-9.83658,0
-7.36108,0
4.13349,0
-1.80126,0
8.85779,0
-2.76315,0
3.17037,0
-8.05058,0
8.13405,0
5.83879,0
-4.91624,0
-0.437248,0
-1.06082,0
-0.930617,0
3.35371,0
7.61339,0
-2.03116,0
-5.48875,0
0.246162,0
2.48483,0
-6.74108,0
-8.65202,0
-1.30158,0
2.22525,0
-8.8756,0
-4.29494,0
-6.43151,0
-5.63134,0
9.38138,0
-5.16294,0
-3.83579,0
0.702452,0
-9.38142,0
9.49599,0
7.90371,0
6.25647,0
5.25609,0
1.59761,0
5.2357,0
-4.46034,0
-9.78813,0
-9.30278,0
-2.90502,0
1.6644,0
-9.45605,0
-1.32506,0
8.48342,0
-5.84162,0
-5.99712,0
3.32769,0
-2.12158,0
2.96604,0
4.44761,0
8.81645,0
6.5786,0
-2.68952,0
7.9524,0
-9.53892,0
9.83838,0
-9.76733,0
-6.3608,0
-5.9334,0
7.38883,0
-5.97095,0
-2.66684,0
-7.58702,0
4.58607,0
-3.29375,0
-9.87065,0
-1.09882,0
6.4521,0
0.722963,0
-9.18728,0
-7.60253,0
9.48933,0
-6.3444,0
9.14329,0
3.97838,0
-1.10589,0
-1.78891,0
3.9289,0
7.71682,0
-5.82364,0
3.38018,0
4.24918,0
-2.57307,0
8.60024,0
9.81792,0
-9.4435,0
-1.25522,0
-5.73169,0
-5.98028,0
3.57903,0
-8.36917,0
3.03565,0
4.58616,0
9.39803,0
-5.22844,0
0.417505,0
-6.12864,0
-8.41741,0
-2.92538,0
4.54049,0
5.34738,0
1.29948,0
-1.34488,0
8.91301,0
-4.46434,0
6.82853,0
0.992397,0
-3.21384,0
6.67036,0
-6.33718,0
-0.344817,0
8.30046,0
3.82058,0
-9.81243,0
2.00941,0
-8.56375,0
-9.29785,0
2.9713,0
-0.621359,0
-0.508239,0
-8.01999,0
-4.20269,0
-2.87325,0
0.379633,0
0.543614,0
-6.90955,0
-7.5274,0
4.60143,0
9.53732,0
2.66168,0
1.19918,0
-3.87323,0
-5.54152,0
9.87989,0
-0.888904,0
6.29231,0
-1.71729,0
0.799255,0
-2.1446,0
3.73729,0
-5.3876,0
1.484,0
-1.79872,0
-0.0974138,0
-3.05574,0
-2.55468,0
5.00766,0
0.0117847,0
-4.98225,0
-0.0465984,0
-6.04442,0
2.16701,0
0.133574,0
1.94637,0
-7.37928,0
6.11976,0
-5.65531,0
-5.33724,0
-3.74928,0
-7.137,0
-4.26074,0
2.79732,0
9.58499,0
-0.0662192,0
-8.68185,0
-2.17951,0
7.8805,0
-8.98606,0
0.589868,0
3.45219,0
1.32371,0
-8.92423,0
8.2183,0
-9.70262,0
8.03877,0
3.27224,0
-6.80841,0
-7.08262,0
1.87296,0
-9.35606,0
4.17423,0
-0.688994,0
-2.80247,0
-1.08753,0
-1.36286,0
4.44601,0
-2.89864,0
-6.48225,0
8.91767,0
-5.74415,0
5.34685,0
-4.00496,0
-0.0693453,0
0.417306,0
9.7964,0
-4.86174,0
0.637019,0
-0.695424,0
-5.58911,0
-7.14128,0
5.78475,0
-5.99597,0
-9.75639,0
3.39636,0
-4.90983,0
-4.22238,0
-6.47499,0
-6.33872,0
-7.7064,0
-3.80981,0
-8.95622,0
8.88644,0
8.47076,0
-4.5588,0
2.15091,0
-6.94837,0
6.04081,0
-8.35949,0
-4.64982,0
0.296383,0
-4.15798,0
-1.82151,0
8.38732,0
-1.82827,0
6.4556,0
-8.44497,0
9.11247,0
8.27033,0
-1.54505,0
-1.27822,0
-0.425009,0
6.53132,0
1.29434,0
-3.34471,0
1.81868,0
6.42773,0
4.894,0
-6.70752,0
7.2358,0
-5.29248,0
4.67179,0
-5.17495,0
-3.33082,0
1.23754,0
0.107946,0
6.78431,0
-3.8724,0
-8.07097,0
9.32243,0
9.70799,0
2.21535,0
2.29528,0
-8.56249,0
-3.02842,0
-7.77907,0
3.06638,0
-5.06953,0
-0.397525,0
9.70242,0
-2.52909,0
4.58506,0
-4.57382,0
-1.21157,0
4.58125,0
5.05559,0
-5.99102,0
-6.75114,0
-4.85068,0
-3.58332,0
-1.9803,0
1.2573,0
8.18665,0
3.82426,0
-6.80012,0
1.89957,0
-8.57398,0
3.22829,0
-0.13768,0
-2.47277,0
-2.14823,0
-3.13501,0
8.80283,0
-6.3606,0
-8.36819,0
-1.09861,0
-4.7582,0
1.02548,0
7.84396,0
-8.62155,0
5.0557,0
9.34317,0
-9.06849,0
-1.29331,0
-9.76891,0
4.04405,0
0.626503,0
7.23744,0
-6.48549,0
4.88821,0
-2.44313,0
-8.43906,0
9.4705,0
2.94684,0
5.54716,0
-2.81247,0
-9.75529,0
0.2845,0
0.198939,0
-0.491641,0
-9.66577,0
-6.89783,0
-6.20161,0
-5.57305,0
-0.968414,0
3.94329,0
9.61977,0
5.44637,0
-2.50216,0
5.71814,0
4.64534,0
-2.91592,0
7.23469,0
0.701647,0
-8.46956,0
7.23841,0
3.43282,0
2.10003,0
7.84371,0
-2.4201,0
-3.48879,0
2.15552,0
6.89259,0
1.66693,0
-3.71523,0
-1.11555,0
1.90981,0
-5.16093,0
5.24592,0
0.130226,0
-8.96896,0
-5.79765,0
-7.86458,0
0.13982,0
2.33579,0
5.87394,0
2.59045,0
6.24018,0
-9.25659,0
0.866681,0
-7.08108,0
-1.33409,0
-4.76592,0
5.96986,0
-9.31147,0
0.37449,0
-5.42275,0
-4.34471,0
-4.42323,0
8.0286,0
8.56856,0
5.08683,0
0.660609,0
7.54743,0
2.32832,0
-5.58848,0
-6.45343,0
-4.2429,0
-7.75171,0
1.24434,0
7.84841,0
-0.268547,0
-7.85084,0
9.04817,0
-2.78734,0
-1.63008,0
7.46726,0
8.67031,0
3.54027,0
-0.012272,0
-8.93996,0
1.22675,0
6.40767,0
5.39093,0
7.61318,0
-0.116784,0
-3.86651,0
-6.33831,0
9.76852,0
8.49573,0
6.36039,0
6.22209,0
-8.53397,0
5.45585,0
9.99704,0
-1.70582,0
2.47097,0
-5.22914,0
2.02511,0
1.08625,0
-8.68118,0
9.00955,0
0.148693,0
0.0719955,0
4.93738,0
-9.3133,0
4.45268,0
-8.34579,0
-5.92387,0
2.96472,0
-0.696106,0
-0.309039,0
0.543237,0
-3.85702,0
8.51145,0
8.26701,0
4.25047,0
8.17047,0
-1.86965,0
0.0160597,0
-9.36837,0
0.461022,0
-1.14999,0
-4.3064,0
-5.18403,0
3.38863,0
-3.50216,0
-8.16651,0
-6.94015,0
6.18018,0
7.86928,0
-1.83473,0
9.07488,0
-1.07092,0
8.48645,0
-4.62218,0
-0.111718,0
-7.53559,0
-8.59262,0
1.14694,0
-9.28264,0
-6.68477,0
-1.28676,0
-1.8062,0
0.192035,0
-7.89258,0
8.79964,0
-0.966288,0
-2.51238,0
-6.34992,0
4.27432,0
-6.42209,0
0.636893,0
1.21677,0
6.42736,0
-3.7555,0
-6.27537,0
3.56822,0
-2.5701,0
-8.96273,0
7.00699,0
1.49016,0
-0.0571814,0
3.928,0
-8.8143,0
-4.52944,0
-7.0071,0
6.78085,0
-0.609098,0
4.67578,0
-2.52245,0
8.37107,0
-2.37089,0
6.13577,0
-8.93109,0
-9.20876,0
-6.33458,0
-6.6536,0
3.96158,0
0.172411,0
4.93164,0
1.46738,0
-9.41505,0
4.90955,0
-4.54701,0
-3.41187,0
-4.90024,0
7.39985,0
2.4714,0
3.10721,0
2.11046,0
-2.27353,0
-8.89519,0
-6.48039,0
8.30388,0
2.15642,0
-0.616929,0
6.13369,0
-4.85428,0
-2.20891,0
9.21807,0
-2.50851,0
5.57295,0
2.76825,0
-0.381025,0
3.97702,0
-9.66422,0
1.0121,0
1.42871,0
-3.17503,0
5.84911,0
1.10886,0
-0.337823,0
-8.83712,0
-6.74178,0
2.68967,0
1.96569,0
2.01555,0
1.10657,0
3.01524,0
4.17838,0
-1.06403,0
7.04139,0
-3.13878,0
-8.27524,0
9.09102,0
7.70993,0
2.06864,0
-8.31559,0
5.7846,0
9.89208,0
-7.61274,0
-8.58339,0
8.96446,0
-2.79355,0
-4.4973,0
-7.53647,0
9.45166,0
1.55977,0
-3.37303,0
3.99828,0
0.715302,0
-6.23008,0
6.97242,0
-3.80749,0
-6.37814,0
4.07642,0
6.69224,0
4.7288,0
2.03824,0
6.27301,0
1.66501,0
-0.704144,0
-6.90718,0
8.50773,0
-4.46306,0
-9.59572,0
1.43548,0
6.30988,0
-9.36544,0
1.77451,0
4.74109,0
1.71519,0
-4.5192,0
4.03787,0
2.39986,0
5.96049,0
9.23434,0
-2.52433,0
1.90903,0
-2.53238,0
9.72391,0
-5.6106,0
1.09713,0
7.02721,0
-6.54248,0
5.67617,0
-6.43771,0
9.23709,0
-0.702141,0
8.37495,0
-6.65916,0
5.37352,0
4.12399,0
-8.00969,0
-3.21008,0
-6.23385,0
-0.444193,0
-6.96077,0
9.2176,0
3.5795,0
-7.94002,0
-9.06545,0
4.59076,0
-2.08297,0
0.281935,0
0.609243,0
1.21591,0
-2.35963,0
-0.149861,0
-6.04603,0
4.74981,0
4.34512,0
6.43911,0
7.72754,0
-8.93387,0
8.81243,0
2.72965,0
9.01866,0
7.95123,0
-9.46204,0
-1.04964,0
5.56075,0
5.17425,0
1.88698,0
0.160338,0
2.01626,0
-7.00377,0
-0.373306,0
9.76728,0
3.84798,0
-2.46905,0
8.2366,0
7.10858,0
-3.24928,0
-7.64752,0
4.96404,0
-8.30749,0
-2.00857,0
0.970007,0
-1.7569,0
-8.50752,0
-3.63601,0
-5.03963,0
1.36564,0
-0.492511,0
-8.85995,0
-2.83191,0
-0.701904,0
3.90832,0
-5.73829,0
-5.02614,0
-6.1961,0
-8.04599,0
-2.00442,0
6.41469,0
8.56921,0
7.30889,0
-1.34547,0
-8.97411,0
-8.38489,0
7.44097,0
6.37075,0
9.82453,0
-7.82329,0
-2.72591,0
9.81028,0
7.63641,0
2.33771,0
-5.55244,0
-9.02401,0
1.00602,0
9.0717,0
-8.27508,0
9.96074,0
-1.29332,0
-8.78325,0
2.25084,0
6.43521,0
-6.76186,0
-2.08902,0
-6.96281,0
-4.98475,0
4.59047,0
3.33765,0
3.2078,0
-3.58665,0
1.02664,0
0.112635,0
6.45042,0
-4.01171,0
9.14369,0
7.28422,0
-0.360736,0
-5.92505,0
-5.7051,0
-7.45668,0
8.18762,0
2.34068,0
5.71661,0
9.48677,0
-5.38903,0
5.02369,0
-6.217,0
0.80867,0
8.02709,0
7.88356,0
7.07461,0
9.6408,0
0.588547,0
9.03668,0
4.63071,0
-7.19155,0
-1.98448,0
2.76374,0
-5.56069,0
6.42496,0
-0.368332,0
-8.23716,0
-4.25912,0
5.34812,0
0.393264,0
-8.40818,0
-4.41658,0
7.65764,0
4.25313,0
-4.48792,0
-1.14922,0
4.61943,0
-3.9686,0
8.22604,0
1.84189,0
2.21591,0
4.90473,0
3.91246,0
-2.24865,0
-8.134,0
-1.19745,0
3.28462,0
-7.69757,0
-2.92594,0
-9.33458,0
1.6061,0
-9.07765,0
-9.67449,0
4.58756,0
-6.61334,0
-7.79998,0
5.73851,0
-5.48,0
-6.65518,0
-0.019191,0
7.66835,0
2.83594,0
-3.91312,0
-8.25762,0
-2.81678,0
4.28164,0
6.43552,0
-5.91899,0
4.50078,0
3.53081,0
8.46265,0
-2.49469,0
7.57928,0
5.09773,0
5.70354,0
2.62829,0
-6.21713,0
-9.52022,0
2.27647,0
-2.14319,0
4.23204,0
-5.53138,0
2.05478,0
3.78167,0
-7.66561,0
6.23659,0
1.3078,0
-3.64231,0
-9.70602,0
-3.03973,0
-7.66164,0
-5.17941,0
-2.18016,0
-7.43882,0
-8.15104,0
9.24992,0
-0.659383,0
0.523533,0
7.0712,0
-4.18013,0
-0.930716,0
-3.35635,0
-1.27327,0
0.669551,0
-3.91214,0
7.85561,0
-3.49822,0
-3.43168,0
7.57971,0
-8.99532,0
3.51995,0
0.323838,0
7.30115,0
4.49363,0
-8.88676,0
4.51501,0
6.23425,0
-8.91655,0
9.41155,0
-6.77223,0
-6.54004,0
-2.93374,0
2.68032,0
-7.97645,0
-6.33729,0
-9.87131,0
-8.54939,0
-5.51941,0
0.194433,0
0.652943,0
-5.59319,0
-4.83924,0
7.06638,0
3.40553,0
-1.47819,0
-7.2372,0
-8.3255,0
-7.31057,0
7.94531,0
-3.96509,0
0.832651,0
-0.517602,0
3.55641,0
-0.887922,0
4.22376,0
8.95385,0
2.15945,0
-5.11341,0
-9.98759,0
-4.92107,0
-8.83788,0
-6.13633,0
0.280882,0
-8.18996,0
-5.80001,0
1.13688,0
1.45192,0
-0.316357,0
-6.61624,0
-1.21422,0
0.0763366,0
3.78644,0
-9.98439,0
7.5959,0
6.33401,0
-6.98738,0
-0.0147784,0
-6.1025,0
-7.73653,0
-6.03468,0
3.4817,0
8.11784,0
2.67174,0
-8.10468,0
-9.68374,0
-6.22779,0
-2.39638,0
0.872599,0
-8.2969,0
-5.21009,0
-4.19293,0
-8.04839,0
-1.1665,0
0.179952,0
-8.40052,0
-1.52629,0
9.87164,0
8.75132,0
-7.64833,0
2.26561,0
-2.03234,0
-8.4253,0
-0.371269,0
4.54545,0
1.1078,0
-4.22652,0
8.70994,0
-9.4278,0
7.81157,0
1.6053,0
-7.04842,0
-1.79572,0
-6.17566,0
-4.37223,0
2.88955,0
4.76436,0
-0.452715,0
-5.81346,0
0.175285,0
-9.52119,0
8.60735,0
-3.87261,0
-6.14956,0
-2.84433,0
1.31418,0
9.20622,0
-7.1312,0
-2.00798,0
-9.66606,0
9.21981,0
-3.37711,0
-9.12276,0
3.32112,0
7.73668,0
-2.29501,0
-6.97945,0
-5.75025,0
0.121884,0
9.78199,0
-4.97952,0
-6.66214,0
-5.72054,0
-5.72953,0
-1.52188,0
-6.9718,0
7.5573,0
9.74494,0
9.01966,0
2.7178,0
-7.47025,0
-2.38589,0
9.70034,0
-1.13547,0
2.67567,0
-1.66587,0
-8.65955,0
-3.84401,0
-4.0785,0
4.06807,0
0.804217,0
-0.595253,0
-4.8941,0
-5.19902,0
4.4637,0
-7.18463,0
-3.62814,0
-1.17604,0
-3.43109,0
-7.31721,0
-7.32209,0
-7.39665,0
3.64222,0
4.77758,0
5.47939,0
-3.14503,0
-9.20636,0
-9.53378,0
-0.709737,0
-0.777511,0
2.97747,0
4.09188,0
-5.88472,0
8.83196,0
-8.37894,0
-1.94813,0
-6.10321,0
9.32498,0
0.779518,0
-3.76412,0
-4.79539,0
7.54036,0
2.64744,0
-9.12252,0
5.02429,0
6.43091,0
-2.8542,0
-5.55897,0
-9.55018,0
8.27666,0
-5.98277,0
3.71389,0
0.568018,0
5.11602,0
-5.46927,0
6.58516,0
3.67628,0
9.25316,0
-2.13908,0
5.64134,0
3.9206,0
-1.53128,0
4.74135,0
8.50078,0
-3.09184,0
1.85281,0
-4.03832,0
3.69235,0
4.80815,0
-6.35379,0
2.5298,0
3.62396,0
-1.59005,0
-6.07434,0
-5.61651,0
-4.40838,0
1.59838,0
0.674067,0
0.101703,0
4.5823,0
-3.22597,0
8.83372,0
-2.32884,0
3.9744,0
4.48037,0
9.35334,0
2.61719,0
-8.68239,0
-4.73421,0
-3.17446,0
-1.41793,0
-3.27492,0
0.333015,0
4.63238,0
4.02181,0
4.79244,0
3.23163,0
-7.25558,0
9.486,0
-6.33622,0
-3.38027,0
3.71104,0
-3.38299,0
3.45573,0
5.88181,0
5.40038,0
-9.21488,0
-7.59033,0
-1.95106,0
-7.36443,0
-5.32894,0
-0.458479,0
-6.01626,0
8.42706,0
5.23999,0
0.637677,0
-5.09028,0
-6.32714,0
6.81722,0
3.36191,0
-1.32099,0
4.69116,0
-5.18378,0
1.10285,0
-5.72471,0
7.22881,0
-5.89107,0
5.40266,0
-5.61018,0
-1.98667,0
-5.77322,0
-1.92929,0
-9.95176,0
-9.73748,0
6.65344,0
7.01582,0
-1.11628,0
-4.06535,0
-0.138289,0
4.6816,0
-8.27861,0
6.56906,0
-0.493071,0
-4.44404,0
-8.28651,0
2.99324,0
5.98606,0
9.77475,0
-9.4162,0
5.94587,0
5.25217,0
-4.70707,0
1.94294,0
3.55892,0
4.74486,0
1.76324,0
5.57563,0
7.62144,0
-3.57386,0
2.32147,0
-0.866523,0
-9.0749,0
3.74003,0
-1.33888,0
0.220297,0
9.0391,0
4.25451,0
1.27896,0
7.50242,0
1.68961,0
-3.41078,0
-2.75566,0
-6.09637,0
4.83044,0
-3.48848,0
5.33307,0
-3.48582,0
-2.15363,0
-6.78939,0
-8.32228,0
0.661459,0
-0.100398,0
-8.9892,0
-1.62061,0
-6.09671,0
-5.85796,0
0.199544,0
1.75119,0
-3.21586,0
5.62312,0
6.03755,0
1.02608,0
-5.49086,0
8.04172,0
-1.17423,0
1.31393,0
-5.17216,0
5.96334,0
1.88159,0
4.24599,0
9.31884,0
-9.61803,0
-9.28987,0
8.47679,0
-0.412204,0
2.10341,0
-7.36461,0
-8.47127,0
-7.72317,0
3.00982,0
5.52048,0
-1.17916,0
6.00235,0
-8.13343,0
-8.57469,0
-5.08824,0
1.23722,0
9.44858,0
-3.17327,0
1.40149,0
7.12081,0
-6.34795,0
-7.42567,0
-2.47637,0
5.40754,0
-6.70158,0
-3.88572,0
8.25868,0
-0.947067,0
4.81234,0
-0.326441,0
-8.95372,0
8.28594,0
8.26297,0
-1.14743,0
4.0243,0
2.72229,0
6.79764,0
-3.0761,0
-0.939,0
-2.20161,0
-8.98801,0
1.74927,0
3.94255,0
3.31371,0
-1.80614,0
7.75356,0
5.08127,0
3.40994,0
7.9616,0
-4.4983,0
-6.49778,0
-2.24619,0
5.65731,0
0.487601,0
-9.41515,0
-4.29474,0
-9.27634,0
-4.65831,0
-4.87796,0
9.44147,0
0.654475,0
3.75231,0
-1.63832,0
3.29604,0
6.40785,0
2.0147,0
7.68107,0
0.873574,0
-5.12298,0
-0.219668,0
6.18296,0
0.95339,0
0.14292,0
6.51538,0
-7.18751,0
-4.39347,0
-8.57853,0
-6.39531,0
8.4874,0
-4.23899,0
2.6735,0
-8.9313,0
-0.820198,0
0.324765,0
-3.6947,0
1.3814,0
-3.32827,0
5.58272,0
-0.818172,0
7.72515,0
3.6069,0
6.45352,0
-8.22266,0
0.563164,0
-7.43422,0
4.07392,0
-9.99604,0
7.24044,0
0.554374,0
5.69688,0
5.47811,0
-3.31099,0
3.14609,0
4.74473,0
4.59394,0
0.396684,0
-9.94188,0
1.59836,0
-9.08718,0
7.35828,0
-4.70619,0
-9.16428,0
-8.94887,0
1.21037,0
3.27215,0
7.61456,0
5.08476,0
4.27262,0
9.95374,0
4.26124,0
-7.28298,0
1.66892,0
4.16947,0
9.50776,0
5.85926,0
3.87043,0
0.125844,0
8.38964,0
8.19804,0
-1.90265,0
-2.80309,0
-9.33557,0
-8.7337,0
6.44986,0
-1.06177,0
-0.591289,0
-2.80838,0
4.13931,0
4.1214,0
2.74216,0
6.68589,0
-3.41127,0
-9.57397,0
0.0651862,0
-2.08301,0
-3.06969,0
7.86709,0
9.82885,0
8.20281,0
-7.08207,0
3.08326,0
-3.48095,0
-1.80598,0
4.67076,0
-7.89034,0
-9.00689,0
1.09907,0
4.53002,0
-5.24288,0
7.44577,0
-8.71475,0
5.53723,0
3.34997,0
-3.31838,0
-6.60084,0
-6.14263,0
0.261712,0
9.41598,0
2.09422,0
1.60867,0
-8.91089,0
-4.17043,0
-9.33821,0
-1.17518,0
1.06398,0
-8.96266,0
-8.65963,0
1.22162,0
-9.93009,0
6.80531,0
5.7604,0
-9.61393,0
-4.46225,0
-1.22188,0
3.92196,0
4.34017,0
-4.15266,0
5.09854,0
7.58462,0
-6.70279,0
5.0047,0
-0.847344,0
-1.2232,0
-4.87839,0
6.59405,0
6.36386,0
-9.29114,0
2.12589,0
0.479035,0
-3.43642,0
3.47356,0
3.74614,0
-1.22189,0
2.44188,0
-5.12673,0
-5.34947,0
-4.19181,0
-3.39508,0
1.0477,0
-0.667994,0
-2.12827,0
-9.47689,0
8.76317,0
3.47028,0
-4.74556,0
6.46275,0
9.69497,0
6.23366,0
4.38927,0
-6.83078,0
-9.77851,0
-6.1666,0
-0.0998136,0
0.045911,0
3.54337,0
2.67311,0
0.866147,0
-1.1845,0
6.46152,0
2.07832,0
5.47668,0
-3.46157,0
9.15552,0
5.20149,0
-3.77413,0
-9.65535,0
9.81841,0
-0.312868,0
3.07896,0
-1.11164,0
3.63126,0
7.62619,0
-9.57829,0
-1.71706,0
1.70487,0
3.91005,0
6.42734,0
8.52469,0
-0.284149,0
-2.99299,0
-9.19219,0
4.99411,0
-3.87695,0
-6.52238,0
1.42441,0
0.0460128,0
8.15178,0
1.16333,0
-8.97893,0
6.50233,0
-0.773334,0
-3.86583,0
-1.99992,0
9.86022,0
-8.71208,0
1.44504,0
-1.74269,0
-7.03523,0
-9.40023,0
2.04933,0
0.76803,0
3.42087,0
-7.93615,0
9.76468,0
0.818848,0
6.9184,0
3.93222,0
0.857286,0
6.95125,0
0.0637601,0
-2.30673,0
-1.29942,0
-7.82141,0
-4.03669,0
7.35271,0
9.7288,0
-7.59258,0
6.28476,0
4.5781,0
-4.96427,0
-3.16998,0
7.30428,0
-5.60146,0
-5.8431,0
3.10904,0
7.11049,0
9.53018,0
-0.248551,0
-3.22604,0
-1.9843,0
2.73967,0
7.89964,0
-7.62119,0
-1.43718,0
-9.00985,0
-5.2034,0
5.06444,0
-3.01054,0
-1.87021,0
2.7736,0
2.27406,0
4.86667,0
7.50603,0
9.90658,0
0.793145,0
2.04085,0
5.25256,0
2.9429,0
8.75122,0
0.850209,0
1.67,0
-2.36353,0
-9.92157,0
8.13723,0
7.72283,0
3.56555,0
-9.52486,0
4.48443,0
-5.91188,0
-9.88689,0
9.87696,0
-0.926153,0
-1.29142,0
8.76984,0
8.07605,0
-9.9228,0
-1.38886,0
1.74056,0
9.04118,0
-4.77084,0
-7.58985,0
-9.57731,0
-7.85406,0
-2.03165,0
0.372966,0
-1.16693,0
-3.4872,0
-6.95709,0
-3.98021,0
-9.73871,0
5.91673,0
-6.60414,0
6.54106,0
2.32917,0
3.64858,0
-6.24357,0
-2.12902,0
0.620126,0
-9.32037,0
-8.42379,0
1.56219,0
0.119243,0
0.943269,0
-7.08279,0
8.35259,0
9.34457,0
-7.20456,0
5.9688,0
4.45225,0
-2.83606,0
5.26003,0
-9.6313,0
6.53819,0
7.34736,0
4.81173,0
-8.1162,0
-0.487086,0
-0.994161,0
6.97655,0
3.37501,0
1.57609,0
3.99038,0
-2.93922,0
-0.313387,0
-8.10621,0
-6.06514,0
-2.07799,0
-9.72609,0
-6.96616,0
4.3144,0
-0.18333,0
-4.24505,0
-9.52546,0
-5.98771,0
9.63975,0
1.8935,0
8.03185,0
-1.19561,0
-9.88948,0
-3.21764,0
5.2903,0
5.01423,0
9.89595,0
5.04782,0
-4.51175,0
4.75573,0
-1.60085,0
-0.0555114,0
0.561481,0
5.36231,0
0.458529,0
7.58563,0
-6.39035,0
0.139515,0
-5.11735,0
5.14546,0
0.687027,0
-5.32578,0
-7.3199,0
-1.18825,0
4.3068,0
8.76751,0
3.21412,0
5.7637,0
-8.03366,0
6.9218,0
1.92146,0
0.0803981,0
-5.96685,0
3.21255,0
1.55998,0
5.41153,0
3.63708,0
5.24644,0
2.86578,0
0.769414,0
-5.07574,0
-8.77626,0
8.13262,0
2.89357,0
-7.95867,0
0.300853,0
1.99738,0
5.13776,0
9.16401,0
8.98825,0
-6.82165,0
-2.66004,0
-2.97993,0
5.09993,0
1.04709,0
0.921959,0
-4.01557,0
-6.60804,0
-5.09074,0
8.22369,0
-1.38649,0
1.90815,0
2.6911,0
-5.41967,0
8.97444,0
7.44684,0
-2.9752,0
9.85189,0
5.91565,0
-2.88707,0
9.22959,0
-8.51571,0
-5.34633,0
-4.78674,0
-0.32953,0
-9.41119,0
-8.76728,0
-6.27796,0
2.13648,0
-0.959785,0
-4.44617,0
4.69298,0
-3.51389,0
9.78163,0
6.80888,0
-4.19837,0
-9.37984,0
-6.1057,0
-9.2055,0
1.50229,0
-0.19509,0
1.21963,0
1.96443,0
-1.29856,0
1.00323,0
4.52282,0
2.1278,0
5.91548,0
9.34153,0
0.830715,0
5.56278,0
0.0847642,0
-7.94077,0
1.30742,0
-9.62663,0
-3.2192,0
-3.99378,0
2.46539,0
3.20396,0
8.9041,0
-7.92437,0
6.67941,0
1.5352,0
-2.19264,0
4.61744,0
-7.21246,0
-4.87813,0
6.33656,0
-5.60174,0
-0.831842,0
1.43159,0
-5.10224,0
8.61992,0
3.2295,0
5.90206,0
-1.893,0
-8.18262,0
-8.87897,0
9.99313,0
-7.20343,0
-8.16874,0
-4.55086,0
3.92592,0
8.73408,0
-9.50983,0
-4.82316,0
7.78062,0
-7.09437,0
4.92619,0
-3.651,0
7.38215,0
0.171943,0
6.23079,0
-7.57055,0
2.14784,0
8.46264,0
-5.83236,0
-4.20097,0
-6.85088,0
6.99408,0
-6.79143,0
-4.92857,0
1.27406,0
-3.88826,0
6.3738,0
-9.56658,0
-7.59134,0
4.59976,0
-2.30789,0
-6.88459,0
-8.38928,0
-3.76215,0
0.780866,0
7.76979,0
4.08952,0
-3.03844,0
-7.40904,0
-4.47085,0
-1.83727,0
3.92324,0
8.67408,0
4.05496,0
5.26428,0
-9.26414,0
0.186583,0
-3.71584,0
-7.64674,0
4.7182,0
-1.68829,0
-8.27302,0
6.11745,0
-5.01303,0
-5.87846,0
9.36354,0
-3.59961,0
-3.14679,0
5.62076,0
-2.5847,0
2.95513,0
1.80032,0
-3.23757,0
8.5411,0
-4.72401,0
-2.96435,0
7.07375,0
-2.16056,0
6.96585,0
8.31693,0
1.80455,0
-3.55399,0
-1.37455,0
-8.82478,0
-8.92077,0
3.14916,0
6.95352,0
-6.98843,0
4.46989,0
-3.29255,0
7.35539,0
4.6226,0
-6.18707,0
4.01128,0
-8.5735,0
1.16936,0
-2.84785,0
-5.20503,0
7.28522,0
1.15084,0
0.0960659,0
6.29591,0
7.92209,0
8.21677,0
4.20079,0
0.861009,0
-6.24889,0
8.66428,0
9.00511,0
4.4202,0
8.20096,0
7.15435,0
-3.76663,0
-3.1364,0
-8.79029,0
-4.74332,0
1.07266,0
5.08772,0
-9.74798,0
-0.549753,0
0.133879,0
1.01496,0
3.70018,0
-4.4989,0
-1.34843,0
4.66688,0
-8.40877,0
9.58032,0
1.68659,0
-3.41312,0
9.12053,0
-4.50253,0
1.45655,0
8.44842,0
4.59514,0
-2.00296,0
-3.00624,0
-8.83773,0
5.23899,0
4.67441,0
-6.75957,0
-8.5392,0
-4.00046,0
-2.78396,0
-2.5308,0
8.72744,0
-1.34846,0
5.78322,0
1.05287,0
-6.65487,0
-8.00578,0
-4.35408,0
5.95529,0
-1.31705,0
-9.04058,0
2.31772,0
-8.79415,0
0.938097,0
-7.58878,0
-3.72989,0
9.98988,0
7.80906,0
1.51581,0
-5.41582,0
-2.0628,0
-4.60897,0
-4.35007,0
-5.64401,0
-1.1355,0
4.25331,0
-8.20215,0
9.71089,0
3.83672,0
3.39519,0
-2.32256,0
3.97524,0
6.64359,0
-9.90676,0
-2.52005,0
-1.11203,0
9.65128,0
1.94055,0
-0.435278,0
-3.11033,0
1.21452,0
-6.58825,0
-4.39791,0
4.68769,0
3.59897,0
-2.93086,0
-4.75422,0
6.90538,0
-3.65284,0
9.76122,0
6.77131,0
-2.4887,0
-4.63395,0
-9.86281,0
-4.35794,0
3.88615,0
8.12393,0
1.20095,0
1.99316,0
1.4507,0
-6.01986,0
6.89959,0
5.45058,0
-9.01252,0
0.156108,0
5.05402,0
9.82416,0
-9.16796,0
3.47952,0
-3.99878,0
6.9583,0
8.87824,0
5.4661,0
-1.34562,0
-0.286213,0
-3.54637,0
5.85045,0
-9.53573,0
-9.78589,0
-1.8636,0
-4.83305,0
9.24675,0
1.57235,0
-2.38763,0
-0.388558,0
-8.31761,0
0.214319,0
1.58801,0
5.6563,0
-8.69571,0
-1.66421,0
-8.84362,0
-8.8453,0
4.74815,0
-8.56056,0
-5.3186,0
9.5577,0
-8.26052,0
1.93037,0
5.28902,0
2.09566,0
-5.69657,0
-1.34609,0
5.97199,0
-2.00815,0
-6.39391,0
-8.94605,0
-2.55059,0
9.84781,0
-5.39484,0
4.28255,0
8.42854,0
-7.86678,0
7.93345,0
2.97781,0
-6.57546,0
-8.70975,0
4.20586,0
1.99354,0
-2.09208,0
3.21571,0
-6.63013,0
0.0315478,0
-4.59941,0
1.67468,0
0.0348564,0
-7.96466,0
-2.091,0
5.83827,0
-6.56052,0
3.72706,0
-0.74548,0
-7.41726,0
-3.63192,0
-3.81274,0
3.9122,0
8.87525,0
-6.60048,0
-8.44496,0
6.76836,0
-3.71621,0
7.02595,0
-0.815974,0
4.98013,0
-9.52282,0
9.57338,0
-1.16932,0
6.92602,0
8.55928,0
-7.20093,0
0.677286,0
2.36829,0
-0.0670138,0
5.47658,0
1.56794,0
8.34448,0
-2.69974,0
8.14303,0
5.1616,0
2.93842,0
1.27247,0
2.75019,0
6.14228,0
-0.407399,0
-1.46897,0
-5.07593,0
-6.16543,0
9.8478,0
5.27728,0
-8.8931,0
-5.85432,0
-6.26518,0
-0.995126,0
1.3212,0
-9.12487,0
7.26816,0
5.53318,0
7.93123,0
2.25672,0
4.38032,0
-8.83907,0
-9.56062,0
-4.36819,0
1.02917,0
-9.71112,0
5.63468,0
-4.09937,0
-3.0074,0
-3.32665,0
-0.409049,0
-2.1919,0
8.9812,0
5.53113,0
-6.95905,0
1.76137,0
-0.505558,0
-8.21733,0
-3.08528,0
-2.41311,0
-1.93458,0
-4.64643,0
-3.63668,0
-0.470517,0
2.6505,0
2.1148,0
3.95864,0
-6.69761,0
5.07458,0
9.36953,0
6.59523,0
3.13701,0
-4.01788,0
-4.58782,0
1.72431,0
-8.61739,0
-7.45259,0
5.24468,0
-3.24998,0
9.15816,0
1.26188,0
2.1431,0
0.0720258,0
-7.36857,0
-0.937653,0
-1.36682,0
-1.90186,0
9.18314,0
0.816331,0
9.02934,0
-4.59785,0
4.5405,0
-6.04476,0
-5.35157,0
0.336261,0
9.30813,0
9.63644,0
-2.50826,0
8.2443,0
-7.11648,0
-8.42619,0
-2.44848,0
-8.7537,0
-1.98561,0
-1.76134,0
2.857,0
7.29494,0
-3.73232,0
-6.27818,0
3.0792,0
-2.80568,0
4.39998,0
-1.44387,0
1.42441,0
-2.77114,0
5.5659,0
-2.76432,0
4.6035,0
-4.14277,0
7.05523,0
2.62202,0
-6.76583,0
7.85813,0
-1.22496,0
-9.92666,0
-4.75025,0
-2.41486,0
3.527,0
-1.11348,0
5.77931,0
2.48672,0
9.54799,0
-7.74484,0
6.12563,0
-0.23291,0
-8.50502,0
-6.44642,0
2.61047,0
-9.12986,0
-5.96685,0
8.89823,0
4.72924,0
-8.67714,0
-7.21804,0
-7.83693,0
-2.96406,0
-4.75744,0
-1.45289,0
-3.90252,0
1.53081,0
1.24569,0
7.8354,0
9.94387,0
-2.0622,0
-5.58139,0
-9.94332,0
9.89809,0
8.75046,0
8.34465,0
-6.36581,0
0.603989,0
-0.83629,0
4.14118,0
8.35228,0
-4.24229,0
8.64884,0
-6.8648,0
-2.76939,0
5.91823,0
-1.37533,0
-3.17667,0
7.56074,0
-6.86066,0
-2.93115,0
2.94843,0
-8.32968,0
-8.24244,0
-9.77074,0
0.777734,0
4.82837,0
-6.33523,0
-7.72539,0
8.77376,0
-4.65611,0
3.78391,0
-8.18003,0
-2.29458,0
8.52987,0
-5.41392,0
-4.99111,0
-7.06544,0
-5.33586,0
6.72529,0
9.62742,0
-8.81412,0
-9.87482,0
-7.24435,0
7.32946,0
3.00318,0
6.52724,0
-1.63558,0
-4.16765,0
1.39493,0
-0.331653,0
-1.82041,0
-6.02912,0
2.11121,0
-6.37655,0
-9.80464,0
-5.51008,0
-6.27304,0
-5.40647,0
-1.49409,0
-4.76246,0
8.60037,0
-5.97075,0
2.44581,0
0.867554,0
9.30552,0
3.47315,0
6.66822,0
9.00406,0
-6.78919,0
3.70945,0
0.429167,0
3.23795,0
-9.4161,0
2.32294,0
-9.17979,0
-7.21515,0
-0.561669,0
-9.3223,0
1.36185,0
3.11221,0
1.98139,0
-1.2159,0
4.86147,0
7.80702,0
-7.38809,0
-2.8321,0
-7.14742,0
-9.17307,0
2.72375,0
-4.04867,0
6.73791,0
-4.62389,0
-7.68712,0
3.39055,0
-5.93952,0
-1.36076,0
3.43858,0
-0.915891,0
1.40047,0
2.56935,0
9.81639,0
-5.06203,0
-6.39846,0
-2.62196,0
8.06646,0
-0.0811214,0
-9.86815,0
-9.72793,0
-9.61431,0
-7.46728,0
-4.88646,0
7.19845,0
5.86285,0
1.85036,0
-6.34167,0
0.58036,0
-9.76139,0
9.48816,0
8.53144,0
-3.28439,0
9.86344,0
4.7407,0
-9.32026,0
6.86265,0
8.16027,0
5.99101,0
-7.56591,0
8.58782,0
4.54069,0
-5.98116,0
3.27345,0
-9.85403,0
-3.99571,0
9.75265,0
-5.37113,0
-9.27589,0
8.57837,0
-4.52736,0
9.66077,0
-0.597299,0
-0.748367,0
-2.18215,0
-3.29346,0
4.1858,0
-9.22987,0
7.15016,0
-9.62249,0
5.81779,0
-2.42896,0
7.12458,0
6.94667,0
-3.99089,0
8.1367,0
-8.83917,0
-9.24344,0
0.334922,0
-0.314463,0
-9.9331,0
1.93941,0
-5.20635,0
1.59576,0
-8.17899,0
5.14268,0
-3.36269,0
-1.44937,0
-2.41653,0
-2.7878,0
9.16567,0
-3.5458,0
-9.98652,0
3.51112,0
7.66251,0
0.498404,0
0.154154,0
-4.41666,0
9.55415,0
-7.37927,0
8.07765,0
-2.79915,0
2.22228,0
-0.314279,0
-2.97214,0
4.93563,0
-9.54898,0
-0.601174,0
-6.32836,0
-5.29565,0
1.82699,0
-2.86916,0
-5.96303,0
-5.32323,0
8.24279,0
-1.70737,0
5.06889,0
-3.20743,0
-3.68403,0
-5.08949,0
-9.18313,0
-4.76545,0
-7.25884,0
5.8305,0
5.79885,0
-2.31646,0
1.7591,0
2.99858,0
-0.469739,0
5.28403,0
-6.09947,0
2.58828,0
9.08524,0
-8.9181,0
-0.611776,0
-7.96171,0
-2.23349,0
6.73185,0
5.31481,0
-6.06105,0
6.89434,0
-4.30384,0
-3.75578,0
-9.12315,0
0.727891,0
0.935965,0
8.72034,0
2.04315,0
-3.6116,0
3.24417,0
2.43253,0
-5.89272,0
-8.9922,0
-2.39692,0
8.41654,0
4.88912,0
1.4362,0
-7.05786,0
4.28125,0
-0.121579,0
9.52491,0
-2.18395,0
8.36261,0
1.22947,0
3.36353,0
-5.93322,0
-5.68648,0
-4.57587,0
2.81918,0
5.75548,0
4.91562,0
2.1365,0
-1.25488,0
3.19376,0
-1.95938,0
-5.77519,0
4.35355,0
8.92753,0
-6.75651,0
3.44283,0
-9.91648,0
3.58018,0
5.70039,0
-6.88051,0
4.76739,0
-1.94345,0
6.30028,0
-3.9601,0
-8.01538,0
0.685597,0
-0.554836,0
8.75084,0
-2.83369,0
-4.12175,0
4.24398,0
8.41039,0
-4.3766,0
2.05754,0
-0.415741,0
-2.50146,0
-2.53235,0
-2.27277,0
1.90929,0
1.4606,0
-0.639165,0
-1.57003,0
0.0037425,0
8.74695,0
0.533701,0
0.871264,0
-4.85055,0
9.60406,0
-4.52216,0
5.26493,0
2.92317,0
0.851117,0
-5.35093,0
2.20887,0
-4.28987,0
8.01095,0
0.831116,0
8.75524,0
0.0574083,0
9.51101,0
6.57468,0
4.61856,0
-0.166239,0
-5.24849,0
2.10658,0
-4.43784,0
-4.84589,0
0.909774,0
7.6552,0
0.777357,0
-2.18383,0
-3.81117,0
-0.35949,0
3.16893,0
8.31068,0
7.40827,0
-2.31345,0
-2.18519,0
5.02571,0
-9.53844,0
6.67929,0
-8.72084,0
9.26208,0
-8.32056,0
-0.796308,0
-1.61678,0
1.41268,0
6.43934,0
-7.86576,0
-9.80971,0
1.98574,0
5.133,0
3.8422,0
9.89128,0
-6.48173,0
5.28813,0
9.21926,0
-2.56601,0
0.520012,0
7.13481,0
-0.034353,0
-9.6351,0
-3.53573,0
-9.2229,0
6.91285,0
-2.62812,0
1.31542,0
9.84191,0
4.62335,0
7.47297,0
-3.50058,0
-4.01425,0
-5.0241,0
-8.66615,0
4.7546,0
0.117954,0
-9.69157,0
-1.53572,0
-9.36613,0
0.765127,0
-3.72701,0
6.93657,0
-9.87332,0
-8.4495,0
-0.643958,0
7.29146,0
-1.98854,0
5.468,0
-0.174483,0
3.09925,0
-0.0371871,0
5.09602,0
0.198953,0
2.38823,0
-7.72312,0
0.854497,0
-7.01358,0
-1.93269,0
2.67964,0
-2.82013,0
-1.26355,0
5.1755,0
-8.65865,0
8.3563,0
-9.39967,0
9.9597,0
-5.55927,0
-4.09515,0
5.62953,0
1.80173,0
-3.19323,0
-4.92329,0
-5.71336,0
2.20883,0
0.388666,0
8.37123,0
4.59112,0
-5.2652,0
-6.81167,0
3.07863,0
5.3384,0
2.1852,0
0.385479,0
-7.29669,0
-4.50835,0
-2.6747,0
-4.89755,0
9.33232,0
4.19919,0
-7.93014,0
-3.11255,0
1.08837,0
-8.17922,0
-1.86439,0
6.93628,0
-7.37623,0
-8.02709,0
1.29364,0
-4.32099,0
-3.75232,0
-1.24579,0
-1.29304,0
6.48373,0
5.22253,0
3.03831,0
-6.49779,0
-8.66499,0
-5.337,0
-7.25709,0
-4.45575,0
-6.79804,0
3.33238,0
6.69579,0
3.42467,0
-0.325142,0
9.12923,0
6.17819,0
9.94084,0
-4.88768,0
9.29444,0
2.29305,0
9.16743,0
-7.31947,0
2.20376,0
9.34627,0
-4.88488,0
-9.51728,0
2.98758,0
-0.018259,0
-0.670544,0
-4.03707,0
-6.3824,0
4.6957,0
-8.00662,0
3.47045,0
1.96923,0
-9.6786,0
-0.091206,0
-3.20914,0
-6.09804,0
0.138514,0
-4.60944,0
1.32582,0
-6.37147,0
0.622132,0
1.74574,0
-0.714204,0
-8.92994,0
-5.50449,0
1.88376,0
9.84843,0
-6.10385,0
6.22733,0
9.68926,0
-7.67272,0
-0.819253,0
4.05613,0
2.56242,0
-3.74603,0
2.67611,0
2.3026,0
-6.2141,0
-1.84617,0
-1.98616,0
5.54935,0
-3.54757,0
4.00775,0
7.14632,0
9.67358,0
-1.37334,0
3.43492,0
-9.45792,0
-8.33819,0
-3.18103,0
5.60308,0
-2.1784,0
2.99757,0
-0.04629,0
9.18294,0
-1.92714,0
-6.88155,0
8.75031,0
-1.96137,0
-3.50781,0
5.8412,0
6.51551,0
9.27548,0
-9.59557,0
-4.68005,0
-1.25347,0
0.927125,0
5.73859,0
-4.95641,0
8.34132,0
-2.38575,0
-3.0617,0
3.01002,0
-1.03532,0
-0.946456,0
8.88643,0
8.49294,0
4.07511,0
3.39469,0
-0.691648,0
-9.84404,0
0.327536,0
1.43095,0
3.90147,0
6.56004,0
6.17687,0
-0.28892,0
-9.18908,0
7.96731,0
-5.96318,0
4.44809,0
-3.03219,0
-5.52079,0
8.0486,0
3.69703,0
-6.50669,0
1.33666,0
8.44026,0
-5.72203,0
-2.35507,0
2.43466,0
3.50586,0
-6.07552,0
-7.31625,0
-7.60193,0
-6.50463,0
-0.549611,0
-2.35364,0
-3.61916,0
-7.14568,0
5.12962,0
6.2168,0
7.41313,0
-3.03098,0
5.16471,0
1.93567,0
-6.77646,0
5.38023,0
-4.83509,0
-7.20872,0
6.18793,0
5.17759,0
-5.41453,0
-7.12935,0
0.33511,0
-9.41469,0
1.06566,0
-5.50959,0
-3.78833,0
5.41946,0
-2.08447,0
-2.4697,0
-3.28717,0
-4.72078,0
3.48351,0
7.11763,0
0.0847886,0
-0.248838,0
5.92285,0
8.57596,0
2.46034,0
-9.74961,0
1.89681,0
-2.89187,0
-9.73731,0
-0.902295,0
-9.57984,0
2.11886,0
0.537541,0
7.71303,0
-1.97577,0
4.76097,0
-6.00819,0
-7.41455,0
-5.28875,0
-3.64635,0
-7.38506,0
0.702174,0
-5.7901,0
0.0719957,0
9.80318,0
-4.90771,0
5.46402,0
-3.94282,0
5.63706,0
6.26872,0
-8.69906,0
8.99586,0
-4.09076,0
4.69397,0
8.10387,0
7.26335,0
-2.54147,0
-9.07046,0
9.7785,0
9.38841,0
-1.64139,0
-9.4369,0
-7.16974,0
-7.94691,0
-7.65897,0
-5.2389,0
-6.04309,0
8.62351,0
1.53377,0
8.42667,0
3.8204,0
6.35584,0
2.45034,0
6.87524,0
-9.32686,0
-1.61193,0
-4.23732,0
-1.59344,0
8.46707,0
8.06603,0
-0.194574,0
-9.07702,0
6.21695,0
-2.27312,0
-2.78533,0
2.03495,0
4.84797,0
-9.04752,0
-6.14975,0
-8.24359,0
5.42938,0
6.52402,0
9.81664,0
-9.04366,0
-9.00402,0
5.38681,0
-3.04879,0
-8.39404,0
8.71516,0
-4.22004,0
4.76281,0
-3.63184,0
-5.33402,0
-0.261101,0
5.76016,0
5.68363,0
-0.346253,0
-8.81334,0
1.13912,0
4.44991,0
-2.34305,0
2.08369,0
5.92256,0
6.32533,0
-0.361432,0
5.45603,0
7.67346,0
-8.66217,0
9.55932,0
9.24189,0
-9.56487,0
1.33469,0
-5.09539,0
0.806135,0
0.124069,0
6.09348,0
6.18624,0
-6.12958,0
6.21098,0
8.08809,0
3.29057,0
6.45816,0
7.54031,0
9.24042,0
7.88766,0
-6.23978,0
9.9358,0
3.14578,0
1.19953,0
-5.88506,0
7.93717,0
-1.30431,0
8.02691,0
-5.61345,0
7.24335,0
8.94735,0
6.34908,0
-3.47335,0
-2.65382,0
-9.03197,0
4.99172,0
7.77517,0
-9.04371,0
-7.51766,0
1.5516,0
6.34835,0
5.69457,0
2.2339,0
-9.84895,0
-1.77656,0
-8.55413,0
6.51323,0
7.48372,0
0.5671,0
6.07383,0
4.73004,0
-7.4033,0
2.94021,0
-6.04438,0
-7.86364,0
9.56758,0
8.58619,0
7.64274,0
-7.86196,0
8.82977,0
4.67973,0
8.22346,0
-9.50615,0
8.86489,0
-9.48966,0
0.640963,0
-7.61172,0
0.986138,0
6.22896,0
-8.47084,0
3.39113,0
3.14273,0
3.34371,0
0.972264,0
9.75968,0
0.401167,0
2.23535,0
-4.83633,0
-0.876572,0
-1.72692,0
9.30729,0
1.31064,0
9.9416,0
0.866502,0
9.45398,0
-8.06175,0
9.37048,0
-9.97705,0
0.298067,0
-1.85472,0
-8.73706,0
-3.18901,0
3.99368,0
4.51425,0
3.52753,0
-0.260821,0
0.263223,0
4.04348,0
7.0776,0
3.64974,0
5.11885,0
9.37581,0
2.59763,0
3.61093,0
0.814157,0
6.65046,0
5.88953,0
0.797818,0
9.95767,0
-9.91859,0
-6.61597,0
-6.18811,0
-0.150336,0
-4.45695,0
-4.22653,0
-0.826168,0
-1.4344,0
0.760383,0
-7.57565,0
-5.34006,0
-1.23379,0
-2.34752,0
8.67415,0
0.39664,0
6.71566,0
-9.24182,0
-1.38746,0
-0.967386,0
5.59739,0
5.03626,0
4.81954,0
-8.53665,0
-4.07885,0
4.89452,0
3.53901,0
-2.24375,0
8.20054,0
-6.74845,0
-0.81196,0
5.78205,0
3.94248,0
7.55753,0
-5.0074,0
-2.17258,0
2.84008,0
3.06103,0
5.21149,0
-0.560911,0
-7.16938,0
3.11082,0
7.20628,0
-3.80645,0
-4.15861,0
-5.58826,0
1.61052,0
-1.1779,0
-3.34911,0
2.85571,0
-7.84803,0
0.491786,0
-3.6862,0
-9.16663,0
-3.20794,0
7.91063,0
8.53654,0
-3.24061,0
-6.56791,0
7.42089,0
9.98808,0
-4.56198,0
3.4653,0
-5.31232,0
-5.5972,0
-0.955167,0
4.58492,0
-6.24202,0
-5.2704,0
-9.27161,0
-5.25056,0
3.91939,0
-2.32081,0
4.63807,0
-6.18143,0
3.68938,0
-1.09983,0
6.00663,0
8.40475,0
-1.0558,0
-8.00485,0
0.554715,0
-0.804526,0
-8.59383,0
0.176175,0
4.48911,0
-0.506407,0
9.30819,0
5.41677,0
-0.912278,0
4.13784,0
-7.68158,0
-5.16297,0
-3.86658,0
4.37895,0
4.24133,0
7.94578,0
9.30238,0
0.785503,0
0.492127,0
3.43765,0
-4.60158,0
7.92508,0
-0.973602,0
-3.76638,0
7.52928,0
7.84061,0
-3.34192,0
3.65975,0
-9.38464,0
-0.782681,0
8.72434,0
-3.0869,0
-9.22409,0
-1.50399,0
-7.2592,0
-0.816814,0
0.114513,0
7.05765,0
6.24916,0
-3.95545,0
-5.69143,0
3.05001,0
0.328048,0
2.86988,0
0.227438,0
7.60083,0
8.1682,0
1.24075,0
-4.30483,0
-9.33117,0
8.41923,0
-7.76678,0
-8.54827,0
-2.26308,0
-6.27284,0
3.60133,0
-7.8062,0
8.02617,0
5.66357,0
1.55715,0
-9.46277,0
-4.57035,0
0.694011,0
0.0900579,0
2.40875,0
-5.33905,0
-2.31313,0
1.51515,0
4.37063,0
6.70094,0
4.01471,0
0.194752,0
4.7892,0
-5.44627,0
-3.81897,0
-8.66687,0
-8.10853,0
4.69931,0
-9.35416,0
-5.06922,0
5.39236,0
-3.89486,0
-8.61106,0
7.41484,0
-8.33508,0
3.94101,0
5.76581,0
1.96417,0
-4.44048,0
-8.27852,0
-6.03783,0
5.21439,0
-6.12753,0
3.41954,0
-8.04911,0
1.36677,0
-2.80908,0
-2.29394,0
-9.41906,0
-8.71793,0
-2.20041,0
9.85851,0
4.22676,0
-7.88985,0
-9.69907,0
-1.82119,0
-9.50525,0
8.49628,0
-3.12204,0
3.29984,0
-2.98338,0
-0.982471,0
-9.38183,0
4.49651,0
-3.48031,0
-7.78539,0
5.64975,0
-7.74546,0
-2.92128,0
-3.60495,0
2.71178,0
2.62233,0
0.740804,0
-6.76415,0
0.084389,0
-1.91966,0
-8.96982,0
5.2707,0
-6.91838,0
1.70456,0
3.96659,0
8.73482,0
0.298689,0
4.24403,0
9.74683,0
5.32393,0
5.33398,0
-3.42625,0
-6.2319,0
-8.35608,0
-1.47965,0
1.57883,0
-8.3528,0
7.7079,0
-3.71215,0
3.66541,0
6.44881,0
2.75122,0
3.19838,0
-2.53148,0
5.27785,0
-0.768057,0
7.64073,0
0.333614,0
8.2466,0
3.03867,0
-6.72231,0
0.130116,0
9.35564,0
6.22912,0
7.279,0
9.47486,0
-2.62394,0
-5.85501,0
9.21252,0
-7.8882,0
-9.57504,0
4.97998,0
-4.9619,0
-1.04562,0
-8.41163,0
-8.96759,0
5.2539,0
-1.01025,0
-6.94802,0
-7.7693,0
-9.72769,0
8.95925,0
-2.74947,0
9.05416,0
-8.63915,0
-3.94265,0
6.9892,0
2.86519,0
6.69396,0
-1.12051,0
7.78273,0
4.10043,0
-9.27266,0
9.60121,0
7.61351,0
0.110655,0
-4.48004,0
2.52085,0
-3.41941,0
1.1952,0
1.13759,0
8.79474,0
-5.00771,0
7.95147,0
6.06134,0
8.68066,0
-1.29036,0
3.19922,0
1.34352,0
-6.35091,0
-1.0065,0
7.66442,0
0.774077,0
-3.95915,0
0.177735,0
-8.73639,0
6.49038,0
9.57203,0
3.85247,0
9.45239,0
2.56977,0
6.52924,0
-4.87918,0
8.3778,0
-7.98153,0
-5.08352,0
-5.24988,0
3.5532,0
-2.34233,0
-1.6018,0
6.28077,0
-0.404327,0
3.39152,0
-0.518623,0
6.03123,0
7.48045,0
8.76487,0
-7.09743,0
-4.54886,0
2.62159,0
1.44037,0
0.857526,0
9.09329,0
-3.4592,0
1.80154,0
-8.76659,0
-2.75353,0
-1.4695,0
-5.03783,0
-2.14393,0
4.78426,0
-4.41349,0
-8.26803,0
7.23279,0
4.70321,0
-0.953325,0
-6.55932,0
5.07593,0
1.57035,0
0.352197,0
5.10292,0
9.28627,0
-7.54516,0
3.38787,0
9.80287,0
3.78718,0
1.68241,0
-7.62631,0
-7.90786,0
5.93529,0
-6.03564,0
-8.69212,0
0.340564,0
-1.21189,0
2.57175,0
-8.19049,0
3.48251,0
-3.33747,0
4.26506,0
-8.82581,0
-4.94662,0
-1.44666,0
6.45942,0
0.533208,0
8.32132,0
-9.95225,0
-3.32531,0
-9.43434,0
8.28879,0
-6.03099,0
7.88391,0
-1.741,0
5.33255,0
-8.70083,0
9.76937,0
-9.80909,0
7.64443,0
-7.13061,0
4.51499,0
5.3773,0
2.52218,0
9.7588,0
-2.36756,0
-9.66851,0
-5.18681,0
3.88082,0
7.84942,0
9.6233,0
5.16097,0
2.27537,0
5.34479,0
-1.53065,0
4.96002,0
-2.83059,0
-9.31921,0
-7.63244,0
-8.09048,0
5.39656,0
7.69589,0
3.13365,0
-7.91802,0
4.30839,0
6.89346,0
6.14169,0
-7.27028,0
-8.05037,0
-7.70089,0
-4.61138,0
-5.75665,0
2.31454,0
-2.13366,0
6.11137,0
-8.57234,0
-9.40373,0
4.07605,0
-2.52763,0
-5.41034,0
-5.05796,0
-7.13679,0
3.44542,0
-6.99085,0
4.17767,0
-4.86167,0
-6.14425,0
1.05741,0
-8.78208,0
-5.5169,0
-5.8355,0
1.16384,0
4.95444,0
5.96293,0
7.05523,0
4.70107,0
-7.66599,0
-0.851301,0
2.08576,0
-4.63732,0
-7.64039,0
4.90852,0
7.29275,0
8.91485,0
7.14959,0
-4.44037,0
-7.33531,0
5.61566,0
1.68531,0
0.0908491,0
-6.91482,0
-9.67518,0
0.808362,0
-5.04309,0
4.72348,0
-2.24106,0
-2.09988,0
-2.14245,0
3.58393,0
-6.47667,0
-6.59679,0
-7.92519,0
-2.91037,0
-4.54405,0
6.66581,0
-6.11152,0
0.282718,0
-0.824729,0
5.71954,0
7.42108,0
-0.0325693,0
3.5478,0
-0.0181738,0
4.38198,0
-6.17159,0
-4.279,0
-1.32029,0
7.50661,0
-1.66093,0
-7.52595,0
5.10889,0
-0.163925,0
9.73319,0
-7.60376,0
-8.99275,0
2.98674,0
9.95226,0
-0.920991,0
1.80173,0
-5.12124,0
8.88219,0
-9.84126,0
-1.91297,0
-8.93977,0
-3.00272,0
-5.12128,0
-0.895659,0
-5.56266,0
9.3909,0
-8.4421,0
-3.74992,0
3.64015,0
0.350585,0
-9.39722,0
1.36911,0
5.49555,0
7.70676,0
9.58723,0
2.9649,0
-6.06975,0
4.06632,0
-5.07262,0
6.77553,0
-7.27571,0
-0.150972,0
-7.0047,0
-2.93075,0
5.94565,0
-7.72223,0
-6.08605,0
-7.66864,0
3.13408,0
2.79907,0
7.16245,0
-5.2907,0
-5.41245,0
9.73104,0
-4.82793,0
0.102755,0
4.3772,0
-8.75177,0
-2.66171,0
-8.90801,0
8.84245,0
4.71289,0
3.7511,0
-4.12932,0
-5.70076,0
-0.7331,0
5.96306,0
-4.50492,0
4.04417,0
-1.54022,0
2.48798,0
-8.85535,0
3.37437,0
7.74459,0
-4.60528,0
6.58564,0
-2.00496,0
-6.98532,0
-8.68606,0
4.48356,0
9.49487,0
4.98433,0
7.76179,0
6.25369,0
3.30719,0
-3.12515,0
7.60726,0
-0.793561,0
8.13644,0
-5.89332,0
2.41691,0
9.51975,0
-4.22822,0
-3.80307,0
-1.53184,0
-3.06841,0
-6.04084,0
-2.94671,0
-3.80279,0
-9.76034,0
1.73994,0
1.69209,0
9.59387,0
2.33447,0
-7.40514,0
2.77444,0
-9.9079,0
9.11872,0
4.31188,0
-3.67096,0
-9.33328,0
-5.25259,0
-8.92778,0
-9.54166,0
1.77941,0
-4.76523,0
-0.0103946,0
-1.14045,0
9.81774,0
1.40352,0
2.18896,0
-2.53331,0
8.36364,0
1.01456,0
1.05805,0
3.41729,0
9.85403,0
1.62719,0
-7.30476,0
9.69404,0
-6.21324,0
7.9342,0
-4.68219,0
-1.02986,0
6.40362,0
-2.63303,0
2.15072,0
-9.64958,0
-4.71293,0
-6.63368,0
-6.82846,0
-8.27613,0
8.92529,0
9.66814,0
1.01583,0
2.05794,0
-0.250704,0
5.77093,0
-7.11636,0
3.16073,0
-5.54177,0
-2.1313,0
-1.83723,0
9.82037,0
6.46314,0
7.59726,0
2.47759,0
-9.5741,0
-8.41805,0
9.79479,0
-9.13526,0
2.70815,0
1.9822,0
1.76439,0
0.345795,0
0.643045,0
-2.78043,0
-4.52215,0
5.28747,0
-6.49361,0
-9.6704,0
8.57068,0
-6.19968,0
-6.35139,0
1.15664,0
-7.55847,0
0.863188,0
6.73078,0
-8.9958,0
-9.12777,0
1.57188,0
6.07048,0
-8.98418,0
5.57801,0
-3.76663,0
7.57845,0
-9.01801,0
-7.85644,0
-8.77422,0
3.17873,0
-5.86756,0
-7.88046,0
-5.20151,0
-2.43363,0
-3.06311,0
9.46812,0
5.54556,0
3.25995,0
-7.81765,0
-3.2506,0
7.82573,0
0.968679,0
2.78361,0
-5.01124,0
6.92041,0
-4.1559,0
1.42951,0
-8.11768,0
3.62801,0
4.76787,0
-4.44512,0
6.31762,0
-7.79646,0
-5.38407,0
2.00385,0
4.75515,0
-2.61537,0
9.67175,0
9.83023,0
-5.29743,0
-0.156066,0
-6.02134,0
5.71055,0
-2.24166,0
-6.33907,0
6.50846,0
3.096,0
-5.88193,0
-9.645,0
-1.47771,0
-6.0315,0
-3.83051,0
-9.21406,0
2.11517,0
1.59664,0
4.03163,0
7.43902,0
2.26892,0
6.7541,0
7.45369,0
9.67925,0
8.58516,0
-6.83925,0
9.6039,0
-8.21691,0
2.0284,0
-3.36237,0
-2.82528,0
-0.904519,0
0.78112,0
-0.40632,0
-2.7426,0
7.14852,0
-9.78461,0
2.60179,0
5.06859,0
-4.05916,0
6.92001,0
7.90791,0
7.40149,0
-6.07723,0
0.395183,0
-1.20368,0
6.67077,0
1.30468,0
4.52751,0
-0.0366234,0
-2.02327,0
-3.9167,0
4.17876,0
-2.68583,0
6.86669,0
-9.0952,0
-1.78404,0
3.42961,0
-4.64497,0
0.917068,0
0.294423,0
5.37591,0
8.69671,0
-6.10423,0
-9.37104,0
4.2597,0
0.21379,0
0.0318992,0
7.64321,0
-5.41713,0
3.98217,0
-7.18189,0
-9.35866,0
8.33323,0
7.5947,0
2.02389,0
6.30009,0
0.590808,0
2.1858,0
-1.71735,0
7.53829,0
6.32716,0
0.344049,0
-4.70689,0
3.61963,0
0.986366,0
4.65806,0
-9.12425,0
7.76705,0
-0.552209,0
2.82797,0
-6.23825,0
9.44985,0
3.04002,0
-9.33514,0
8.63393,0
1.37329,0
8.18903,0
-8.6515,0
0.000540269,0
-6.61486,0
4.20127,0
-8.89275,0
1.95103,0
-2.77538,0
-2.41304,0
-9.92868,0
0.125813,0
-2.12259,0
0.931113,0
-6.1571,0
-1.03242,0
1.58123,0
-5.06398,0
5.45123,0
-0.514716,0
3.67234,0
-1.36796,0
-1.4829,0
-7.5741,0
9.07918,0
-4.63881,0
8.71574,0
-1.7505,0
0.457732,0
8.59153,0
2.82913,0
-3.95219,0
-2.34734,0
4.47631,0
1.03195,0
4.51264,0
-0.0246765,0
8.93074,0
-4.4114,0
-8.75681,0
-4.59505,0
5.6435,0
-3.86903,0
0.0814728,0
-3.20882,0
2.80422,0
-9.88027,0
6.13414,0
9.60741,0
-2.41289,0
1.9347,0
-5.369,0
-5.32598,0
-4.85825,0
-1.57655,0
0.0336144,0
-4.89165,0
3.8296,0
1.79786,0
2.26066,0
2.80251,0
-8.17257,0
6.94797,0
-0.814862,0
-3.46753,0
1.58428,0
-4.64667,0
-3.80134,0
8.47886,0
-7.32935,0
4.83414,0
-6.69512,0
8.39328,0
3.92666,0
8.94646,0
2.64832,0
3.44761,0
9.39378,0
-5.45271,0
-4.85595,0
8.51454,0
-4.3144,0
5.93507,0
-9.44625,0
7.91772,0
3.00131,0
6.47193,0
6.01477,0
-8.24185,0
-6.67415,0
-5.14187,0
-5.49382,0
8.90516,0
-0.436281,0
5.77573,0
-3.76732,0
3.6492,0
7.35098,0
3.33748,0
4.08002,0
-6.19955,0
8.89261,0
-3.43827,0
-3.82866,0
-3.02154,0
-1.68379,0
-1.61893,0
4.54729,0
-9.20138,0
-2.64676,0
-3.96762,0
2.0357,0
8.07611,0
-0.555527,0
-8.22635,0
-2.4318,0
3.79088,0
3.0338,0
-4.2391,0
-7.54641,0
-8.81328,0
2.59635,0
1.79964,0
1.46303,0
8.67352,0
-7.11769,0
-0.310621,0
2.53451,0
-0.336823,0
-6.65205,0
9.46069,0
8.6796,0
0.896319,0
-9.95296,0
-0.189735,0
7.58826,0
5.21367,0
-7.90193,0
9.46835,0
6.55399,0
-7.99015,0
-8.46634,0
-3.80729,0
1.34439,0
8.06703,0
-8.95809,0
-4.33261,0
-8.91049,0
-4.30003,0
0.622196,0
9.39219,0
5.74475,0
-1.33881,0
5.49235,0
-7.02136,0
-6.65592,0
-5.91083,0
4.10611,0
-9.68286,0
9.73569,0
-8.26801,0
9.74311,0
-1.48935,0
-1.04454,0
0.404062,0
-6.66783,0
-1.06002,0
-5.74391,0
9.20847,0
-0.503935,0
3.14713,0
-4.71811,0
-0.631448,0
0.557578,0
-2.8414,0
5.01583,0
9.16302,0
-8.57365,0
1.86399,0
1.1961,0
-1.67868,0
-2.05562,0
-9.31569,0
0.0181612,0
-4.20458,0
-8.73824,0
-8.4847,0
5.04512,0
-0.561145,0
-9.03368,0
-4.67471,0
8.9254,0
6.77528,0
4.86972,0
4.58023,0
-1.59864,0
-2.07317,0
3.34286,0
4.57389,0
-9.87261,0
2.39352,0
-4.25529,0
6.61766,0
9.85955,0
-9.74831,0
-7.6589,0
5.11698,0
8.64273,0
6.13012,0
6.26656,0
7.2675,0
-4.28222,0
2.47924,0
1.72353,0
0.793277,0
-0.502453,0
-4.2315,0
-7.88203,0
-0.913837,0
-3.0694,0
7.02901,0
-6.82136,0
-2.39009,0
4.93554,0
4.9597,0
-1.03757,0
-8.50107,0
2.28529,0
-9.64054,0
-9.56098,0
4.05564,0
-8.66768,0
6.91976,0
3.37247,0
9.65098,0
-6.43204,0
2.73776,0
-4.06772,0
5.89809,0
4.40588,0
4.81519,0
2.92085,0
8.16145,0
2.19721,0
2.35322,0
6.16354,0
-8.82039,0
0.149249,0
2.47584,0
6.54873,0
-3.0863,0
0.94984,0
8.29644,0
6.07629,0
-4.61251,0
3.14605,0
-2.5477,0
-4.76478,0
2.78235,0
-0.754805,0
-6.28287,0
-6.62295,0
1.71653,0
-9.01914,0
-7.4152,0
0.921753,0
5.08226,0
-8.79089,0
2.88985,0
-4.82975,0
-3.06486,0
-5.57946,0
-2.55562,0
2.386,0
3.26086,0
9.73091,0
5.90942,0
8.25793,0
6.25235,0
2.00567,0
-4.4738,0
-5.79418,0
4.27045,0
-9.19992,0
5.3966,0
-6.89708,0
-4.91172,0
-5.36072,0
8.25981,0
6.67332,0
3.28065,0
6.33894,0
9.52862,0
6.29031,0
6.11205,0
-1.31432,0
4.94269,0
0.196923,0
6.75721,0
-8.72543,0
-1.32177,0
-8.20693,0
0.0757791,0
-7.82947,0
7.20133,0
-9.18806,0
5.86471,0
-3.63025,0
8.34258,0
5.04839,0
3.72943,0
5.00027,0
1.62695,0
-7.25015,0
-9.73715,0
8.26971,0
-2.24761,0
-7.82411,0
-1.66999,0
-5.71458,0
5.19766,0
4.09556,0
-6.96833,0
-2.18547,0
6.34746,0
0.816709,0
5.78956,0
-1.75016,0
-2.87649,0
-8.90063,0
4.25629,0
0.119983,0
2.0834,0
-7.11972,0
-6.29265,0
-8.37449,0
4.00497,0
6.8387,0
-7.24633,0
-1.27606,0
-6.76867,0
-2.12008,0
-1.04678,0
-4.39872,0
-4.9196,0
7.73336,0
3.54666,0
-3.45856,0
-4.05299,0
2.00829,0
-4.54402,0
8.71129,0
-3.65225,0
-4.06716,0
-8.50823,0
4.71105,0
-9.97328,0
-5.78981,0
3.93708,0
-2.99242,0
3.51595,0
-3.8317,0
-0.183946,0
-5.4868,0
-4.9157,0
-6.33511,0
0.672029,0
7.50222,0
6.47474,0
2.39336,0
5.28648,0
-0.0528405,0
-7.44663,0
6.68997,0
-9.42637,0
-4.92121,0
-7.83331,0
7.25539,0
7.07534,0
-0.512624,0
7.39469,0
-0.412086,0
-1.01763,0
7.7903,0
-0.317682,0
-4.10994,0
-5.30257,0
-4.55792,0
4.32691,0
-2.73904,0
-9.43431,0
3.0962,0
-8.50917,0
-7.33707,0
4.22113,0
8.52829,0
-4.0602,0
-6.07261,0
-0.308987,0
-0.451634,0
8.81202,0
1.48678,0
-8.96898,0
-5.78506,0
-3.69761,0
1.75685,0
0.870597,0
2.47702,0
7.49343,0
-9.83956,0
1.25929,0
1.24258,0
3.97957,0
9.52211,0
4.09999,0
8.51986,0
6.12368,0
-9.82946,0
6.67621,0
5.29498,0
3.6145,0
-4.98037,0
9.03521,0
-3.66554,0
5.36015,0
7.93112,0
9.61795,0
6.8121,0
3.93595,0
9.3887,0
-3.14846,0
-3.48958,0
7.52087,0
-7.05919,0
5.94007,0
7.57289,0
-6.36937,0
-0.318075,0
-9.96151,0
2.59179,0
-6.60661,0
-5.71807,0
-9.96878,0
-2.52994,0
-7.45725,0
0.983663,0
7.0915,0
0.338459,0
5.63374,0
-7.18796,0
0.65356,0
2.67719,0
5.78728,0
-5.57887,0
-4.29668,0
-4.98722,0
-7.65818,0
6.89806,0
-8.74171,0
4.10005,0
-6.72779,0
-5.00889,0
-2.24636,0
4.42923,0
-6.11956,0
6.0415,0
3.26472,0
-7.68701,0
-6.96069,0
4.29325,0
-5.43935,0
-5.04085,0
5.07308,0
2.60438,0
0.406048,0
1.0162,0
-0.95854,0
0.901077,0
-7.72334,0
4.9534,0
-3.14643,0
9.66152,0
-7.92192,0
6.84663,0
5.14921,0
2.16901,0
2.78129,0
-3.96888,0
8.20152,0
3.58732,0
2.36633,0
-6.88871,0
5.46999,0
-0.415289,0
1.21778,0
-1.85147,0
3.7848,0
-0.470552,0
4.48121,0
-8.57904,0
-7.83813,0
-7.47312,0
4.60377,0
1.19687,0
-1.53297,0
-1.11956,0
3.17207,0
3.53311,0
-2.45212,0
-0.77711,0
-2.10512,0
-4.05581,0
-4.77051,0
-0.26322,0
1.29309,0
3.47871,0
-8.36785,0
-5.29816,0
-4.90153,0
4.54322,0
-4.85526,0
5.38004,0
-9.87171,0
3.18634,0
3.58236,0
4.27921,0
-3.12812,0
-5.77501,0
4.97789,0
0.488484,0
-9.16632,0
-4.72295,0
0.827281,0
-7.29187,0
-4.35786,0
-1.25575,0
3.49626,0
3.41557,0
-3.64236,0
-3.28785,0
-4.7425,0
7.10751,0
-5.04416,0
5.52665,0
-3.5429,0
7.97325,0
-4.17375,0
8.79106,0
-2.88515,0
7.84298,0
-3.09761,0
-9.77358,0
-0.594213,0
8.62444,0
4.68417,0
-7.38096,0
-1.1802,0
8.01906,0
-6.99033,0
-4.95924,0
0.611782,0
-9.693,0
-3.21838,0
-5.57298,0
-9.9178,0
-6.08073,0
-9.11413,0
-0.866861,0
1.31891,0
8.61286,0
1.87114,0
-7.39822,0
-5.48878,0
4.93044,0
3.91874,0
8.69933,0
5.89073,0
-9.83923,0
-2.43264,0
-5.85013,0
8.41935,0
0.170788,0
4.46129,0
1.41397,0
7.58641,0
-2.46997,0
-0.0278959,0
6.32626,0
-9.96926,0
8.14626,0
-0.993491,0
-8.61284,0
5.35263,0
-4.02433,0
5.15902,0
6.87352,0
-2.84593,0
9.23849,0
6.98858,0
-7.66779,0
7.61056,0
-4.85728,0
-6.34451,0
-5.88324,0
-5.25005,0
8.45184,0
9.24344,0
-8.86776,0
-9.92602,0
4.17516,0
-6.85288,0
-2.56171,0
-8.41587,0
2.72037,0
2.27436,0
-4.05575,0
8.16639,0
6.8609,0
-3.41376,0
-3.65252,0
-8.08736,0
1.63172,0
8.31334,0
-7.84825,0
-2.94976,0
-7.93747,0
-9.1981,0
5.95984,0
-6.64968,0
-5.32649,0
-6.16454,0
1.33577,0
-2.96733,0
1.05189,0
-6.20576,0
-3.15512,0
-4.99336,0
0.191435,0
-1.80338,0
-7.11932,0
-1.93392,0
1.72209,0
-4.15599,0
-4.34185,0
-6.16777,0
-9.32691,0
-4.87967,0
7.88831,0
-3.47124,0
-2.52702,0
7.02415,0
-8.10027,0
-9.82722,0
5.37687,0
2.54133,0
-9.13753,0
1.84826,0
-4.84613,0
-5.3471,0
-0.797671,0
-8.46724,0
2.37993,0
-5.07921,0
-9.93405,0
1.77928,0
8.34562,0
-5.94136,0
9.45277,0
6.59779,0
9.5891,0
-1.71842,0
9.06316,0
3.54599,0
7.45971,0
-8.13112,0
-8.61477,0
-2.93417,0
1.12196,0
-4.98111,0
1.85383,0
0.953277,0
-6.41671,0
-0.474316,0
4.01359,0
-9.26798,0
-8.46627,0
5.03221,0
-4.18623,0
-6.86257,0
-4.12806,0
-3.85677,0
1.17967,0
3.55509,0
-0.503896,0
-2.76709,0
7.72346,0
-3.86521,0
-8.03069,0
9.63527,0
4.28763,0
9.27627,0
-0.490786,0
-7.2444,0
-3.4969,0
7.71604,0
3.63146,0
-8.24128,0
4.22395,0
-0.616638,0
4.98619,0
5.51935,0
6.39918,0
-7.1796,0
-8.42268,0
-5.17347,0
5.18373,0
-0.225087,0
-0.812848,0
-2.28109,0
6.48449,0
-9.73722,0
-5.60103,0
-3.505,0
4.27467,0
-7.74438,0
-5.7168,0
6.11661,0
5.10967,0
5.33812,0
4.74359,0
6.81955,0
-2.83632,0
7.32428,0
5.08142,0
-0.651407,0
8.13157,0
-2.09055,0
3.19426,0
0.452289,0
6.50762,0
0.798023,0
-3.83303,0
-1.3867,0
-4.57226,0
4.49539,0
3.21056,0
9.73313,0
5.47287,0
-0.859191,0
-1.26717,0
-4.97731,0
-7.63896,0
-5.678,0
9.08277,0
-5.94847,0
2.37136,0
4.96225,0
-3.0456,0
2.38065,0
-9.70981,0
-4.41562,0
1.96465,0
0.375501,0
-2.03693,0
2.69788,0
6.97606,0
-5.04943,0
7.96182,0
8.45875,0
-4.07666,0
6.71279,0
5.62465,0
-7.08949,0
-9.88963,0
2.15629,0
-1.47061,0
4.87339,0
4.51706,0
9.47996,0
2.265,0
-4.21001,0
-9.82339,0
2.33779,0
1.83539,0
-1.8676,0
9.08549,0
-1.99672,0
-6.2708,0
3.618,0
9.99662,0
9.14533,0
1.74852,0
-1.53682,0
4.06177,0
4.26251,0
6.90365,0
-3.3188,0
2.51578,0
5.36166,0
-1.19111,0
-9.23951,0
1.92018,0
1.29504,0
-8.94014,0
-7.23546,0
1.91477,0
-6.55426,0
-0.681804,0
0.698918,0
-9.45268,0
-4.25533,0
-8.06006,0
8.80923,0
4.32417,0
-7.87949,0
-8.91805,0
-2.48444,0
-3.76967,0
7.51265,0
1.96419,0
-1.10525,0
-1.27355,0
9.70492,0
8.94645,0
7.95455,0
-1.91693,0
-6.60651,0
1.61643,0
6.64002,0
7.41776,0
9.11199,0
7.22786,0
3.18546,0
5.98257,0
-3.97834,0
2.87197,0
8.24852,0
-1.68914,0
9.79865,0
-4.46175,0
-2.08825,0
-8.4762,0
-6.30773,0
-9.84986,0
-6.27835,0
9.69028,0
2.47669,0
3.31357,0
-7.9532,0
-8.20026,0
-2.44631,0
-6.40461,0
-1.00736,0
-1.02607,0
-9.74052,0
-4.32913,0
5.17976,0
4.00034,0
9.97225,0
9.58126,0
-3.58187,0
-8.93235,0
-7.5019,0
-6.44148,0
8.16662,0
-1.55055,0
5.60247,0
4.97015,0
6.02548,0
7.44135,0
-7.47254,0
-1.19247,0
-0.0999697,0
5.49774,0
9.86008,0
9.35968,0
-4.4285,0
8.01069,0
7.50572,0
9.47177,0
-2.57139,0
-7.56172,0
1.16296,0
9.89205,0
3.91223,0
9.68928,0
1.28266,0
-4.20423,0
9.40989,0
-9.92383,0
-1.3586,0
-1.92872,0
-1.28413,0
-4.35343,0
0.153015,0
-5.50012,0
-2.99499,0
5.69776,0
-1.41411,0
7.95105,0
6.98471,0
-6.4939,0
-1.00318,0
-2.36026,0
5.5827,0
-7.13545,0
4.15212,0
-4.51158,0
-0.372377,0
9.81264,0
-2.04565,0
1.55214,0
-9.84063,0
3.2451,0
4.259,0
3.40278,0
7.6147,0
-6.30854,0
4.21707,0
-3.89911,0
-7.91039,0
7.5817,0
-4.07056,0
-2.84179,0
-1.22359,0
-6.21884,0
-7.41771,0
0.929212,0
3.69788,0
9.56264,0
0.17655,0
6.06319,0
5.80881,0
-6.70965,0
-7.18647,0
1.35822,0
-7.08838,0
-5.5142,0
-0.034314,0
9.94633,0
2.86648,0
4.53309,0
0.504023,0
3.59743,0
4.71446,0
-2.83935,0
-9.242,0
2.7365,0
1.33702,0
-7.97932,0
2.63098,0
-6.00208,0
-6.60772,0
1.27101,0
7.60872,0
9.83437,0
2.16693,0
0.625787,0
-4.69922,0
8.60138,0
2.14668,0
-1.86732,0
-7.24378,0
-9.28535,0
8.07073,0
7.52399,0
-8.20887,0
5.04185,0
2.05146,0
7.32723,0
3.03797,0
3.01009,0
-8.69783,0
-6.8963,0
2.80992,0
5.08721,0
-8.49851,0
9.85927,0
-8.71862,0
-4.25962,0
-4.70016,0
-9.67953,0
-3.12197,0
1.66098,0
6.90612,0
6.393,0
-1.85541,0
-3.65875,0
2.86859,0
-7.23185,0
9.05974,0
2.79844,0
6.90257,0
3.78577,0
-1.62686,0
7.38963,0
-7.65811,0
-8.53167,0
-2.50751,0
-5.38711,0
-0.454995,0
-3.43397,0
2.90504,0
8.31216,0
-5.03333,0
-9.11384,0
4.52843,0
-6.75629,0
-9.81902,0
-2.6702,0
-6.56925,0
-5.40402,0
3.34666,0
-2.46986,0
1.04965,0
1.93673,0
-0.590894,0
-8.18276,0
8.18943,0
-8.45069,0
-2.87595,0
9.65874,0
-6.42823,0
2.57847,0
-4.65761,0
9.64552,0
4.64407,0
7.86302,0
-5.24201,0
0.542493,0
8.30853,0
-8.33927,0
0.469169,0
-7.16352,0
2.13222,0
1.00158,0
5.97206,0
7.96997,0
-5.92204,0
1.72756,0
3.76172,0
-9.27657,0
-2.37768,0
-5.37588,0
6.73289,0
5.86451,0
2.1303,0
-5.30088,0
3.87683,0
1.72344,0
-0.0649761,0
8.34627,0
-9.89104,0
-8.46296,0
5.3973,0
6.17664,0
-4.30347,0
-8.62316,0
-5.41345,0
1.96701,0
-9.38611,0
8.39132,0
-9.92189,0
-2.81626,0
-4.80157,0
-6.48074,0
2.93592,0
-1.27306,0
-6.32555,0
5.23198,0
2.71627,0
6.19161,0
0.098452,0
-4.07187,0
-8.52566,0
-9.19036,0
0.736537,0
-5.92372,0
-7.48009,0
4.93169,0
3.58015,0
-2.8277,0
-1.91496,0
-8.81796,0
7.48413,0
1.18366,0
7.71679,0
-0.799016,0
-9.22932,0
-0.422062,0
-2.10525,0
9.67751,0
5.55819,0
7.24507,0
-7.27789,0
-5.98402,0
-2.05392,0
2.10217,0
-8.18727,0
0.845666,0
-4.86841,0
-1.2197,0
-1.98799,0
-1.50168,0
0.49208,0
7.66375,0
-4.86989,0
-1.40302,0
-9.3824,0
-3.39972,0
3.93782,0
-8.36903,0
7.97408,0
-1.42623,0
-8.75724,0
2.21119,0
-0.779603,0
1.34254,0
4.46077,0
-5.67801,0
5.01976,0
-2.19555,0
-8.04107,0
-1.11246,0
-0.447548,0
8.46656,0
-3.81612,0
-2.22829,0
-5.46218,0
-3.89742,0
5.57757,0
-1.44992,0
8.93175,0
0.891083,0
4.5371,0
4.77869,0
-4.89856,0
1.44861,0
-2.90863,0
-3.76803,0
-3.10866,0
-4.27679,0
-6.90874,0
-9.77594,0
-2.69321,0
0.699073,0
-2.69423,0
2.37645,0
9.13908,0
9.01242,0
8.21354,0
2.89306,0
-7.62198,0
-9.80456,0
6.61681,0
4.17322,0
4.72926,0
-5.55116,0
1.76232,0
0.517505,0
2.63927,0
0.607809,0
-3.17767,0
-2.39738,0
9.94704,0
8.51143,0
-1.93873,0
2.63991,0
-0.780127,0
-8.27346,0
-1.10083,0
7.10939,0
-2.74407,0
9.64511,0
2.5259,0
2.85231,0
6.08716,0
-9.51624,0
-1.84592,0
-9.94829,0
-9.53154,0
-9.61287,0
-8.20738,0
1.08175,0
0.700702,0
1.05171,0
-3.08814,0
-5.52237,0
7.88534,0
7.50308,0
4.19386,0
9.36074,0
1.81365,0
1.5606,0
-5.17738,0
4.54926,0
-2.04543,0
6.10754,0
-7.76866,0
-1.95098,0
-6.809,0
8.76228,0
-4.54097,0
-0.609479,0
-5.0915,0
-1.68586,0
-8.22898,0
-5.52684,0
-3.16376,0
-0.392819,0
5.68645,0
4.0265,0
-2.72155,0
-3.72938,0
-2.34359,0
-0.828012,0
5.43313,0
-5.68551,0
1.66874,0
-4.61576,0
-8.82113,0
-7.27005,0
-9.0185,0
-7.37586,0
3.81307,0
-6.76271,0
0.220826,0
5.99111,0
4.1883,0
6.39367,0
1.53462,0
5.20489,0
-6.65831,0
-4.08392,0
2.30638,0
8.20716,0
-0.246029,0
7.86817,0
-0.580638,0
8.83809,0
-9.32537,0
7.20804,0
9.58144,0
2.9683,0
0.588516,0
3.85669,0
7.83958,0
4.63299,0
9.87125,0
2.58675,0
5.09246,0
-9.08944,0
2.93054,0
1.94929,0
8.82273,0
-2.32959,0
-1.13848,0
-2.0773,0
9.71166,0
2.68997,0
4.69166,0
5.03036,0
6.91735,0
-9.10273,0
3.02423,0
-1.6405,0
8.63413,0
3.61061,0
-0.987884,0
1.95176,0
1.76447,0
-8.28829,0
9.5232,0
8.64932,0
-7.21427,0
6.92846,0
2.94145,0
4.13698,0
3.55451,0
-4.30872,0
8.20009,0
0.746703,0
-1.85979,0
-2.1927,0
-7.74895,0
-0.250159,0
6.79535,0
8.75411,0
9.98917,0
-3.13402,0
5.97891,0
4.83169,0
0.997411,0
5.15006,0
1.2177,0
8.18138,0
1.24426,0
-4.11748,0
-0.0901019,0
-6.0354,0
3.76886,0
-6.15391,0
6.59981,0
6.43325,0
5.45394,0
-6.02023,0
8.69893,0
-2.63794,0
-4.00715,0
2.82875,0
9.52826,0
4.54482,0
3.24483,0
-9.11844,0
8.39138,0
-0.517834,0
-6.68544,0
3.79204,0
3.08006,0
8.89525,0
7.94972,0
-1.47384,0
7.45448,0
-5.41351,0
4.02579,0
1.28054,0
0.594913,0
1.32815,0
7.46768,0
-6.66242,0
-4.92364,0
2.94529,0
5.88381,0
1.54652,0
-2.60863,0
2.45747,0
-0.886,0
6.15523,0
-9.68139,0
0.76399,0
-6.04631,0
-8.60678,0
-8.65771,0
8.07286,0
-8.63137,0
9.84264,0
-1.34453,0
-2.33339,0
9.73083,0
6.32928,0
-9.04299,0
-7.97486,0
-2.82299,0
4.43493,0
6.21401,0
-4.95493,0
1.56358,0
9.1218,0
8.25697,0
-2.25731,0
-8.95132,0
-5.00408,0
-9.40714,0
9.97979,0
-8.35178,0
5.4457,0
-3.12747,0
5.93895,0
-3.72422,0
-6.98323,0
8.82612,0
-3.94837,0
-7.97287,0
3.81662,0
4.99579,0
-1.12871,0
-0.00326652,0
4.04129,0
3.95826,0
1.74063,0
6.3756,0
-9.86994,0
1.01403,0
-3.01914,0
-9.63864,0
6.10733,0
-0.149865,0
2.18398,0
3.67143,0
3.47921,0
-8.01728,0
4.76593,0
7.79147,0
2.86331,0
-9.70106,0
-3.05192,0
4.58867,0
-5.77622,0
4.90952,0
7.66272,0
-6.29958,0
-5.57993,0
5.52948,0
4.68764,0
4.13762,0
-5.77487,0
7.25928,0
-4.29017,0
-1.22983,0
-2.29234,0
1.24466,0
4.28016,0
-3.47552,0
-7.54562,0
-9.28134,0
8.85507,0
-8.80422,0
-8.45992,0
-5.31319,0
0.912143,0
-1.09355,0
7.17506,0
-7.65116,0
4.52229,0
3.5935,0
-1.7059,0
-0.962436,0
-1.71014,0
-8.80889,0
-2.91094,0
-7.43132,0
-7.62072,0
-8.82205,0
-1.05484,0
-8.80263,0
-9.17328,0
5.75521,0
-4.09473,0
-3.01152,0
3.78288,0
9.60953,0
-5.78369,0
6.38327,0
-9.72137,0
-9.31577,0
2.66223,0
-2.3246,0
9.14733,0
-6.10328,0
-4.62549,0
-2.83382,0
4.77472,0
-7.00003,0
-5.9332,0
-9.16913,0
-6.59893,0
0.457308,0
-8.9886,0
-7.71323,0
-6.02532,0
0.0443954,0
7.28314,0
-5.92485,0
9.22488,0
-8.98564,0
7.13435,0
3.67766,0
-5.87221,0
-6.03164,0
7.41493,0
8.20753,0
-4.57021,0
8.14386,0
-2.07134,0
4.08617,0
7.49158,0
-7.47427,0
-2.33968,0
4.49342,0
6.37122,0
-1.61004,0
1.36512,0
-3.00679,0
-0.57272,0
-0.618889,0
-3.19147,0
-5.85854,0
-2.83501,0
6.93283,0
-1.07274,0
0.410585,0
6.88607,0
7.51184,0
7.77173,0
-3.00235,0
-7.96698,0
0.632513,0
-0.734324,0
9.24655,0
1.14513,0
-6.19,0
2.00375,0
-6.83973,0
-9.12996,0
-5.69922,0
0.966841,0
7.84419,0
-2.32788,0
5.22372,0
5.1926,0
3.19487,0
-6.38329,0
9.96461,0
2.8088,0
9.27445,0
-4.43683,0
2.39883,0
8.94621,0
-8.73499,0
4.97634,0
3.43617,0
-0.289489,0
2.18936,0
4.65419,0
9.12529,0
-9.38694,0
1.09973,0
4.48027,0
-7.3298,0
-4.48979,0
-1.34278,0
-7.41711,0
-1.76631,0
-2.19248,0
-2.7343,0
-8.01293,0
-4.82839,0
-4.2106,0
5.91698,0
1.27058,0
8.42364,0
9.88172,0
7.50914,0
-9.86732,0
-2.42298,0
8.70366,0
7.89184,0
-0.758822,0
-5.6051,0
-0.748314,0
3.48804,0
-0.791748,0
-9.71942,0
-5.70766,0
-7.00831,0
0.283129,0
8.52922,0
5.46231,0
4.5701,0
1.69863,0
6.46694,0
-5.59084,0
7.18012,0
-0.0735101,0
4.57495,0
-8.49045,0
-6.79617,0
-8.77873,0
9.39466,0
6.03574,0
-7.42184,0
-1.65572,0
9.28961,0
-0.847146,0
-0.702087,0
1.89081,0
8.59438,0
2.73217,0
1.5617,0
7.00179,0
3.75493,0
6.30937,0
-0.537042,0
-0.881826,0
-3.18019,0
-2.83451,0
-1.54971,0
-9.20818,0
0.866863,0
-1.57331,0
0.268866,0
-9.2267,0
6.61143,0
-6.09156,0
-4.07854,0
-2.15766,0
-3.02225,0
-7.44133,0
6.76197,0
-2.44244,0
-7.93555,0
9.07877,0
-4.80428,0
-5.87513,0
-1.08189,0
8.0498,0
8.74192,0
3.4745,0
-2.03228,0
-0.531973,0
-6.56423,0
8.09921,0
5.16562,0
6.80361,0
-6.46818,0
5.74699,0
-4.02677,0
-6.0688,0
-0.0982322,0
-8.9797,0
0.34265,0
7.75167,0
8.37595,0
9.51571,0
-9.59581,0
4.96161,0
-7.58941,0
-5.2047,0
-8.80562,0
8.56993,0
2.65914,0
-4.75522,0
8.69167,0
0.517898,0
5.74159,0
-1.35582,0
4.63605,0
-7.42277,0
8.8587,0
-8.30437,0
-5.63711,0
-0.572699,0
-5.05013,0
-8.19371,0
-6.34578,0
-3.90159,0
-2.13774,0
7.78207,0
0.949575,0
4.89073,0
-8.00876,0
-3.5974,0
9.31673,0
-4.53274,0
-9.93085,0
9.94823,0
8.04825,0
8.82047,0
-1.48415,0
2.52314,0
-4.23396,0
7.47625,0
-2.7184,0
-6.56418,0
-1.8479,0
-9.13641,0
-3.01691,0
3.78184,0
-6.31406,0
-4.39282,0
0.552719,0
4.94139,0
1.63269,0
5.21673,0
6.02552,0
1.98637,0
6.78033,0
-0.874548,0
-6.77936,0
2.64295,0
4.1004,0
-6.27606,0
-3.45927,0
9.99001,0
2.36436,0
0.322769,0
-1.32133,0
3.40977,0
2.39123,0
-3.92392,0
7.67296,0
9.22077,0
9.75519,0
-1.8151,0
-0.387032,0
8.81536,0
-3.53622,0
7.61959,0
0.764331,0
6.1889,0
-7.40321,0
-0.23082,0
-4.63829,0
7.71647,0
1.61388,0
-5.64441,0
-6.9069,0
-0.060154,0
-2.10387,0
-8.70139,0
-9.13361,0
6.91117,0
3.39341,0
-8.31569,0
6.27672,0
-9.18036,0
7.85192,0
-5.83223,0
9.78977,0
-8.71515,0
-0.481127,0
-2.96662,0
-9.12214,0
1.32223,0
9.35276,0
-8.22606,0
3.39129,0
1.46766,0
-3.26372,0
-2.25157,0
3.10944,0
4.41923,0
-4.82352,0
5.96926,0
-4.274,0
-0.845044,0
8.9439,0
-6.46954,0
0.0151148,0
3.79732,0
-1.82216,0
4.48785,0
-8.28364,0
0.388282,0
-9.14442,0
8.83921,0
-6.22306,0
-3.9566,0
3.10701,0
1.84999,0
8.37796,0
-0.896464,0
-2.78197,0
7.11102,0
7.46912,0
-1.49763,0
-5.48499,0
-5.75071,0
-8.29303,0
-3.5612,0
-5.80417,0
-5.61699,0
6.5917,0
7.99672,0
-6.4926,0
9.03849,0
-2.41907,0
-9.9423,0
2.17517,0
7.66641,0
-9.58455,0
-8.6086,0
3.42199,0
6.75875,0
3.99567,0
-8.02524,0
-5.80752,0
2.2295,0
1.01259,0
9.48684,0
-3.09134,0
-7.79333,0
9.63401,0
6.60483,0
-6.30095,0
-0.897776,0
0.288632,0
1.73795,0
-3.15559,0
-6.50351,0
-3.55513,0
-7.08515,0
-8.82053,0
-5.40885,0
2.618,0
-7.9255,0
0.547561,0
4.38454,0
-5.60844,0
4.23476,0
-1.2342,0
3.32834,0
-0.143892,0
-0.551039,0
-1.25277,0
8.67786,0
4.4691,0
-3.47143,0
-5.02129,0
-3.62106,0
7.56607,0
-5.67023,0
-2.20089,0
4.4959,0
3.96726,0
-0.992361,0
-8.49355,0
1.30907,0
-7.476,0
-5.12964,0
-0.963662,0
-8.57572,0
0.734501,0
-3.34453,0
6.80281,0
-5.54506,0
4.96854,0
-7.15807,0
-9.7686,0
8.12643,0
5.19296,0
7.61127,0
5.22805,0
-1.85502,0
3.5006,0
3.42461,0
8.47657,0
6.13877,0
-4.9604,0
-2.66603,0
-3.12911,0
9.07868,0
3.25538,0
6.9119,0
-7.29957,0
0.817484,0
7.69621,0
7.93418,0
-9.58032,0
-0.587899,0
-2.44793,0
7.1745,0
0.579823,0
9.37505,0
9.80405,0
4.45415,0
-8.10185,0
5.18903,0
-1.87142,0
-0.0831873,0
-5.89939,0
5.27596,0
6.82438,0
6.45029,0
3.45352,0
0.983115,0
-3.91845,0
2.50373,0
0.0414538,0
4.24554,0
0.789878,0
7.13273,0
9.3508,0
5.07684,0
-4.93232,0
-6.61209,0
9.40921,0
7.03497,0
7.71132,0
-2.76345,0
-9.55571,0
2.87136,0
-0.865989,0
-1.72575,0
-2.65696,0
1.65226,0
-3.74758,0
8.54539,0
-8.35431,0
-3.91924,0
-3.56165,0
3.27206,0
7.06856,0
0.165476,0
-6.89429,0
4.98737,0
-0.46316,0
9.35951,0
0.447004,0
9.0069,0
-7.14782,0
1.7436,0
-8.22743,0
8.81476,0
-7.67565,0
6.03385,0
-7.13992,0
6.09234,0
6.34815,0
8.8741,0
8.2053,0
2.32672,0
-5.21583,0
-5.41479,0
9.70203,0
-8.37312,0
-0.660972,0
-3.16093,0
-1.07907,0
-7.89989,0
9.83279,0
3.17157,0
6.10448,0
2.04002,0
5.06805,0
-2.85902,0
-5.48011,0
-2.95199,0
8.30325,0
6.06927,0
-1.68204,0
8.94711,0
-1.41561,0
-0.172366,0
-0.75645,0
7.65908,0
8.15597,0
8.52532,0
-6.91899,0
9.00393,0
-0.0468509,0
2.37097,0
0.177845,0
7.31418,0
-6.36689,0
-9.56871,0
0.072641,0
-1.58699,0
-9.31835,0
9.4407,0
8.76206,0
-9.98176,0
7.67798,0
7.58867,0
-4.06426,0
-3.11449,0
4.96811,0
9.29251,0
6.29017,0
-2.11475,0
-2.23901,0
-0.756738,0
-1.55305,0
-0.872829,0
-6.45666,0
7.79349,0
-3.98963,0
2.04109,0
-2.79695,0
6.33573,0
0.128018,0
-8.21563,0
6.60313,0
9.39517,0
1.36961,0
-5.09006,0
8.63087,0
-4.89926,0
3.20751,0
-1.03295,0
5.18656,0
6.46767,0
0.00645732,0
-8.9661,0
-5.45578,0
-6.77913,0
-2.07528,0
8.97787,0
-9.74678,0
5.23578,0
-9.65893,0
5.60488,0
8.32462,0
-24.7756,0
70.9991,0
-70.2877,0
-86.0965,0
47.4399,0
-91.1079,0
-3.8426,0
92.1264,0
91.3783,0
22.4148,0
-58.8033,0
94.7084,0
-58.3766,0
-64.5654,0
12.0978,0
-86.7647,0
78.4939,0
77.3491,0
71.0484,0
86.658,0
-89.1157,0
-26.8679,0
26.5723,0
78.6618,0
83.5863,0
-3.81867,0
-61.6702,0
39.2462,0
13.3863,0
-8.84264,0
-92.2707,0
-53.9408,0
83.9417,0
-68.3775,0
16.3691,0
62.9737,0
69.715,0
-80.0996,0
-98.3868,0
60.5359,0
37.6847,0
26.942,0
51.1497,0
-28.6552,0
15.2471,0
-15.37,0
-68.5045,0
18.6191,0
-19.9942,0
51.286,0
36.0273,0
75.6093,0
-4.15657,0
22.9891,0
41.4594,0
24.889,0
-84.1129,0
-24.0287,0
-93.3129,0
23.7947,0
-4.04325,0
-11.2178,0
52.1463,0
-49.8383,0
-10.892,0
69.3904,0
91.9899,0
-44.7555,0
-90.8678,0
65.742,0
77.6374,0
65.4278,0
-18.8658,0
-70.7999,0
-60.5123,0
61.1946,0
-89.8469,0
89.7011,0
21.1512,0
51.0125,0
-22.3354,0
33.6519,0
33.9684,0
-46.0796,0
-49.9384,0
22.3542,0
-19.2744,0
-93.9938,0
-38.9886,0
0.143838,0
98.6492,0
36.1242,0
39.5951,0
38.556,0
-19.778,0
-97.657,0
-61.393,0
-60.44,0
-30.5117,0
-24.5319,0
-56.5954,0
-74.2657,0
52.5058,0
67.3859,0
-39.458,0
-5.39834,0
-13.6914,0
82.0398,0
52.3578,0
69.3134,0
19.9711,0
-11.0616,0
-20.3469,0
37.1287,0
-76.9306,0
-69.8748,0
92.6859,0
-39.9131,0
89.479,0
5.51654,0
-82.9487,0
96.3395,0
-77.3453,0
36.3375,0
-94.2826,0
-51.0013,0
57.3238,0
-18.3747,0
76.5622,0
79.0071,0
-48.6783,0
36.4699,0
9.86417,0
-14.7142,0
58.7432,0
57.3959,0
-49.6023,0
-99.2285,0
-50.5183,0
43.2185,0
3.05185,0
62.5023,0
-81.7993,0
-64.694,0
-12.9427,0
7.87357,0
6.74517,0
-72.8658,0
-5.15476,0
-20.9004,0
35.3379,0
43.4762,0
-34.0751,0
20.2905,0
42.2687,0
14.1298,0
24.134,0
99.5123,0
-51.911,0
-62.8796,0
99.9374,0
16.6119,0
-70.7765,0
-57.7416,0
-84.0381,0
75.6861,0
-31.0882,0
-90.207,0
-46.7969,0
60.1756,0
-73.9516,0
83.0817,0
-32.1185,0
-44.7418,0
-76.9639,0
-95.2968,0
51.6271,0
-8.2589,0
-95.1404,0
79.9213,0
73.4582,0
63.6186,0
63.4903,0
-82.1815,0
-42.1966,0